795 795 21949
1 1 -137.500809
2 1 -39.497121
3 1 -51.963042
4 1 -14.917187
5 1 -38.093118
6 1 -13.675539
7 1 -0.958201
12 1 -52.320226
13 1 -14.988962
14 1 -14.914801
15 1 -1.194439
16 1 -5.487012
17 1 -1.169023
18 1 -6.275910
19 1 -1.169023
20 1 -1.000604
27 1 -4.063623
28 1 -2.105935
30 1 -0.555908
31 1 -4.116606
32 1 -1.989021
33 1 -0.078894
34 1 -0.595810
35 1 -0.501443
36 1 -1.443662
37 1 -0.219793
38 1 -0.327797
41 1 -0.173282
44 1 -0.595355
45 1 -0.173282
46 1 -0.040194
57 1 -2.105935
58 1 -2.092455
59 1 -4.063623
60 1 -4.206365
62 1 -0.173282
63 1 -0.634744
66 1 -0.163612
140 1 -4.206365
141 1 -2.092455
142 1 -0.593289
146 1 -0.819231
147 1 -0.160156
148 1 -9.435532
149 1 -8.899724
164 1 -8.899724
165 1 -4.206365
166 1 -2.092455
1 2 -39.497121
2 2 -152.203497
3 2 -14.507803
4 2 -51.674400
5 2 -0.818643
6 2 -0.958201
7 2 -2.620188
12 2 -14.507803
13 2 -51.674400
14 2 -0.958201
15 2 -2.620188
16 2 -4.391637
17 2 -13.560637
18 2 -4.391637
19 2 -13.560637
30 2 -0.338133
31 2 -0.163612
41 2 -1.441186
44 2 -0.338133
57 2 -8.446334
58 2 -7.751420
59 2 -4.093294
60 2 -4.071265
61 2 -1.298506
62 2 -1.441186
63 2 -18.793452
99 2 -1.194439
102 2 -2.620188
104 2 -16.374913
105 2 -54.137561
106 2 -1.194439
109 2 -16.374913
132 2 -16.574509
133 2 -9.884126
138 2 -9.884126
140 2 -0.163612
148 2 -1.963303
149 2 -1.955334
164 2 -1.955334
165 2 -4.071265
166 2 -7.751420
1 3 -51.963042
2 3 -14.507803
3 3 -140.314761
4 3 -55.526034
5 3 -13.131836
6 3 -51.963042
7 3 -14.507803
16 3 -11.573657
17 3 -2.782297
27 3 -0.326466
28 3 -0.166555
30 3 -0.555908
31 3 -1.773537
32 3 -0.779537
33 3 -0.078894
34 3 -0.038883
35 3 -0.166555
36 3 -1.773537
37 3 -0.555908
38 3 -0.326466
57 3 -0.166555
58 3 -0.882971
59 3 -0.326466
60 3 -1.863296
62 3 -0.173282
63 3 -0.104139
64 3 -0.173282
65 3 -0.882971
66 3 -1.863296
68 3 -0.326466
69 3 -0.166555
70 3 -0.104139
146 3 -3.403274
147 3 -0.807140
148 3 -0.807140
149 3 -3.403274
1 4 -14.917187
2 4 -51.674400
3 4 -55.526034
4 4 -169.754413
5 4 -0.721963
6 4 -14.917187
7 4 -51.674400
16 4 -11.116514
17 4 -22.591593
30 4 -0.338133
31 4 -0.163612
36 4 -0.163612
37 4 -0.338133
57 4 -0.690611
58 4 -2.893167
59 4 -0.327797
60 4 -1.712941
61 4 -0.082505
62 4 -0.718946
63 4 -2.677540
64 4 -0.718946
65 4 -2.893167
66 4 -1.712941
67 4 -0.082505
68 4 -0.327797
69 4 -0.690611
70 4 -2.677540
102 4 -1.194439
105 4 -16.858852
106 4 -16.858852
109 4 -56.600758
132 4 -2.250241
133 4 -14.745765
135 4 -2.250241
146 4 -0.819231
147 4 -0.160156
148 4 -0.160156
149 4 -0.819231
1 5 -38.093118
2 5 -0.818643
3 5 -13.131836
4 5 -0.721963
5 5 -117.469024
6 5 -38.093118
7 5 -0.818643
8 5 -47.884871
9 5 -14.391461
10 5 -2.620188
11 5 -0.958201
12 5 -14.391461
13 5 -0.958201
14 5 -47.884871
15 5 -2.620188
16 5 -1.746548
18 5 -4.133285
20 5 -6.944139
22 5 -6.944139
23 5 -4.133285
27 5 -4.093294
28 5 -6.357580
30 5 -0.219793
31 5 -3.801986
32 5 -5.637682
33 5 -0.078894
34 5 -7.396679
35 5 -6.357580
36 5 -3.801986
37 5 -0.219793
38 5 -4.093294
44 5 -0.338133
45 5 -0.522836
46 5 -0.625281
50 5 -0.625281
52 5 -0.522836
56 5 -0.338133
60 5 -0.163612
66 5 -0.163612
101 5 -1.194439
108 5 -15.684746
130 5 -6.773001
140 5 -4.071265
141 5 -6.315370
142 5 -7.340377
143 5 -7.340377
144 5 -6.315370
145 5 -4.071265
146 5 -1.955334
147 5 -1.963303
148 5 -1.963303
149 5 -1.955334
162 5 -1.955334
163 5 -0.163612
164 5 -1.955334
165 5 -0.163612
174 5 -0.966779
266 5 -6.993058
1 6 -13.675539
2 6 -0.958201
3 6 -51.963042
4 6 -14.917187
5 6 -38.093118
6 6 -137.500809
7 6 -39.497121
8 6 -14.914801
9 6 -52.320226
10 6 -1.194439
11 6 -14.988962
16 6 -5.487012
17 6 -1.169023
22 6 -1.000604
23 6 -6.275910
25 6 -1.169023
27 6 -0.327797
28 6 -0.501443
30 6 -0.219793
31 6 -1.443662
32 6 -1.989021
33 6 -0.078894
34 6 -0.595810
35 6 -2.105935
36 6 -4.116606
37 6 -0.555908
38 6 -4.063623
50 6 -0.040194
52 6 -0.173282
55 6 -0.173282
56 6 -0.595355
60 6 -0.163612
64 6 -0.173282
65 6 -2.092455
66 6 -4.206365
68 6 -4.063623
69 6 -2.105935
70 6 -0.634744
143 6 -0.593289
144 6 -2.092455
145 6 -4.206365
146 6 -8.899724
147 6 -9.435532
148 6 -0.160156
149 6 -0.819231
162 6 -8.899724
163 6 -4.206365
167 6 -2.092455
1 7 -0.958201
2 7 -2.620188
3 7 -14.507803
4 7 -51.674400
5 7 -0.818643
6 7 -39.497121
7 7 -152.203497
8 7 -0.958201
9 7 -14.507803
10 7 -2.620188
11 7 -51.674400
16 7 -4.391637
17 7 -13.560637
23 7 -4.391637
25 7 -13.560637
36 7 -0.163612
37 7 -0.338133
55 7 -1.441186
56 7 -0.338133
64 7 -1.441186
65 7 -7.751420
66 7 -4.071265
67 7 -1.298506
68 7 -4.093294
69 7 -8.446334
70 7 -18.793452
102 7 -2.620188
103 7 -1.194439
105 7 -1.194439
106 7 -54.137561
107 7 -16.374913
109 7 -16.374913
133 7 -9.884126
135 7 -16.574509
137 7 -9.884126
145 7 -0.163612
146 7 -1.955334
147 7 -1.963303
162 7 -1.955334
163 7 -4.071265
167 7 -7.751420
5 8 -47.884871
6 8 -14.914801
7 8 -0.958201
8 8 -169.347171
9 8 -56.031096
10 8 -54.137561
11 8 -16.787077
14 8 -16.210163
15 8 -1.194439
20 8 -1.127094
22 8 -21.235197
23 8 -12.845022
24 8 -3.810751
25 8 -2.250241
34 8 -0.595810
35 8 -0.501443
38 8 -0.327797
46 8 -0.040194
50 8 -0.625281
52 8 -0.522836
56 8 -0.338133
101 8 -16.858852
108 8 -56.410720
130 8 -13.802573
131 8 -2.250241
142 8 -0.593289
143 8 -3.088732
144 8 -2.666709
145 8 -1.712941
147 8 -0.160156
162 8 -0.819231
163 8 -0.163612
174 8 -0.617225
266 8 -2.770143
5 9 -14.391461
6 9 -52.320226
7 9 -14.507803
8 9 -56.031096
9 9 -141.469120
10 9 -16.374913
11 9 -56.063396
22 9 -3.026073
23 9 -14.007479
24 9 -0.478501
25 9 -3.110770
34 9 -0.038883
35 9 -0.166555
38 9 -0.326466
50 9 -0.040194
52 9 -0.173282
55 9 -0.173282
56 9 -0.595355
68 9 -0.326466
69 9 -0.166555
70 9 -0.104139
143 9 -0.258401
144 9 -0.882971
145 9 -1.863296
147 9 -0.807140
162 9 -3.403274
163 9 -1.863296
167 9 -0.882971
5 10 -2.620188
6 10 -1.194439
7 10 -2.620188
8 10 -54.137561
9 10 -16.374913
10 10 -172.067560
11 10 -54.137561
14 10 -1.194439
15 10 -2.620188
22 10 -16.574509
23 10 -9.884126
24 10 -28.432576
25 10 -16.574509
99 10 -1.194439
100 10 -16.374913
101 10 -54.137561
102 10 -2.620188
103 10 -54.137561
106 10 -1.194439
107 10 -16.374913
108 10 -16.374913
130 10 -9.884126
131 10 -16.574509
136 10 -16.574509
137 10 -9.884126
168 10 -9.884126
5 11 -0.958201
6 11 -14.988962
7 11 -51.674400
8 11 -16.787077
9 11 -56.063396
10 11 -54.137561
11 11 -170.450032
22 11 -2.250241
23 11 -12.931140
24 11 -3.810751
25 11 -23.499940
55 11 -0.718946
56 11 -0.338133
67 11 -0.082505
68 11 -0.327797
69 11 -0.690611
70 11 -2.677540
102 11 -1.194439
103 11 -16.858852
106 11 -16.858852
107 11 -56.600758
135 11 -2.250241
136 11 -2.250241
137 11 -14.745765
145 11 -0.163612
147 11 -0.160156
162 11 -0.819231
163 11 -1.712941
167 11 -2.893167
1 12 -52.320226
2 12 -14.507803
5 12 -14.391461
12 12 -141.469120
13 12 -56.063396
14 12 -56.031096
15 12 -16.374913
18 12 -14.007479
19 12 -3.110770
20 12 -3.026073
21 12 -0.478501
27 12 -0.326466
28 12 -0.166555
34 12 -0.038883
41 12 -0.173282
44 12 -0.595355
45 12 -0.173282
46 12 -0.040194
57 12 -0.166555
59 12 -0.326466
63 12 -0.104139
140 12 -1.863296
141 12 -0.882971
142 12 -0.258401
148 12 -0.807140
164 12 -3.403274
165 12 -1.863296
166 12 -0.882971
1 13 -14.988962
2 13 -51.674400
5 13 -0.958201
12 13 -56.063396
13 13 -170.450032
14 13 -16.787077
15 13 -54.137561
18 13 -12.931140
19 13 -23.499940
20 13 -2.250241
21 13 -3.810751
41 13 -0.718946
44 13 -0.338133
57 13 -0.690611
59 13 -0.327797
61 13 -0.082505
63 13 -2.677540
99 13 -16.858852
102 13 -1.194439
104 13 -56.600758
105 13 -16.858852
132 13 -2.250241
138 13 -14.745765
139 13 -2.250241
140 13 -0.163612
148 13 -0.160156
164 13 -0.819231
165 13 -1.712941
166 13 -2.893167
1 14 -14.914801
2 14 -0.958201
5 14 -47.884871
8 14 -16.210163
10 14 -1.194439
12 14 -56.031096
13 14 -16.787077
14 14 -169.347171
15 14 -54.137561
18 14 -12.845022
19 14 -2.250241
20 14 -21.235197
21 14 -3.810751
22 14 -1.127094
27 14 -0.327797
28 14 -0.501443
34 14 -0.595810
44 14 -0.338133
45 14 -0.522836
46 14 -0.625281
50 14 -0.040194
101 14 -16.858852
108 14 -56.410720
130 14 -13.802573
131 14 -2.250241
140 14 -1.712941
141 14 -2.666709
142 14 -3.088732
143 14 -0.593289
148 14 -0.160156
164 14 -0.819231
165 14 -0.163612
174 14 -0.617225
266 14 -2.770143
1 15 -1.194439
2 15 -2.620188
5 15 -2.620188
8 15 -1.194439
10 15 -2.620188
12 15 -16.374913
13 15 -54.137561
14 15 -54.137561
15 15 -172.067560
18 15 -9.884126
19 15 -16.574509
20 15 -16.574509
21 15 -28.432576
99 15 -54.137561
100 15 -16.374913
101 15 -54.137561
102 15 -2.620188
103 15 -1.194439
104 15 -16.374913
105 15 -1.194439
108 15 -16.374913
130 15 -9.884126
131 15 -16.574509
138 15 -9.884126
139 15 -16.574509
168 15 -9.884126
1 16 -5.487012
2 16 -4.391637
3 16 -11.573657
4 16 -11.116514
5 16 -1.746548
6 16 -5.487012
7 16 -4.391637
16 16 4.322820
17 16 -5.099235
30 16 -3.801955
31 16 -2.846918
32 16 -1.349226
33 16 -1.462668
36 16 -2.846918
37 16 -3.801955
58 16 -2.518071
60 16 -3.521531
62 16 -2.188348
63 16 -0.511954
64 16 -2.188348
65 16 -2.518071
66 16 -3.521531
70 16 -0.511954
79 16 -0.069648
84 16 -0.288767
85 16 -0.576637
97 16 -0.576637
98 16 -0.288767
110 16 -1.992397
111 16 -1.306401
116 16 -0.035162
117 16 -0.145398
126 16 -0.145398
127 16 -0.035162
146 16 -2.324553
149 16 -2.324553
264 16 -0.661399
265 16 -0.219363
1 17 -1.169023
2 17 -13.560637
3 17 -2.782297
4 17 -22.591593
6 17 -1.169023
7 17 -13.560637
16 17 -5.099235
17 17 -9.491424
30 17 -0.722643
33 17 -0.088256
37 17 -0.722643
57 17 -0.708358
58 17 -3.784080
60 17 -0.674613
61 17 -0.667947
62 17 -3.000163
63 17 -4.703403
64 17 -3.000163
65 17 -3.784080
66 17 -0.674613
67 17 -0.667947
69 17 -0.708358
70 17 -4.703403
84 17 -0.510754
85 17 -0.143374
87 17 -0.147201
90 17 -0.035495
92 17 -0.035495
94 17 -0.147201
97 17 -0.143374
98 17 -0.510754
105 17 -2.250241
106 17 -2.250241
109 17 -3.439243
110 17 -0.644842
111 17 -1.598813
116 17 -1.555389
117 17 -1.121791
118 17 -0.497683
119 17 -0.777814
120 17 -0.148826
121 17 -0.245026
122 17 -0.148826
123 17 -0.245026
124 17 -0.497683
125 17 -0.777814
126 17 -1.121791
127 17 -1.555389
132 17 -4.262439
133 17 -12.381549
134 17 -0.461370
135 17 -4.262439
169 17 -0.334907
170 17 -1.793675
171 17 -0.334907
264 17 -2.946969
265 17 -3.711097
538 17 -0.062982
541 17 -0.002100
542 17 -0.005287
543 17 -0.005287
546 17 -0.002100
552 17 -0.062982
565 17 -0.262771
566 17 -1.735185
567 17 -0.840039
568 17 -0.253652
569 17 -0.253652
570 17 -0.840039
571 17 -1.735185
660 17 -0.012823
661 17 -0.012823
688 17 -0.012795
690 17 -0.012795
790 17 -3.657223
791 17 -0.036823
792 17 -0.036823
1 18 -6.275910
2 18 -4.391637
5 18 -4.133285
12 18 -14.007479
13 18 -12.931140
14 18 -12.845022
15 18 -9.884126
18 18 -5.065021
19 18 -9.634508
20 18 -8.893294
21 18 -4.315952
41 18 -4.050832
42 18 -3.016656
43 18 -0.796917
44 18 -5.432743
45 18 -4.050832
46 18 -1.137957
47 18 -0.796917
48 18 -0.184729
63 18 -0.741214
140 18 -3.521531
141 18 -2.518071
142 18 -0.688940
164 18 -2.324553
165 18 -3.521531
166 18 -2.518071
1 19 -1.169023
2 19 -13.560637
12 19 -3.110770
13 19 -23.499940
14 19 -2.250241
15 19 -16.574509
18 19 -9.634508
19 19 -21.808482
20 19 -4.401802
21 19 -12.030340
41 19 -5.551944
42 19 -3.716438
43 19 -5.734866
44 19 -1.092048
45 19 -0.744355
46 19 -0.171700
47 19 -0.822977
48 19 -0.925733
57 19 -0.708358
61 19 -0.722495
63 19 -7.397862
92 19 -0.035495
99 19 -2.250241
104 19 -3.439243
105 19 -2.250241
122 19 -0.148826
123 19 -0.245026
132 19 -4.732065
134 19 -0.461370
138 19 -13.804863
139 19 -4.764847
156 19 -0.035999
165 19 -0.674613
166 19 -3.784080
169 19 -0.407913
181 19 -0.252066
182 19 -0.152493
191 19 -0.706351
192 19 -1.081932
193 19 -0.224632
195 19 -0.407913
198 19 -4.090867
517 19 -0.055089
543 19 -0.018187
569 19 -0.262255
626 19 -1.083161
627 19 -0.268239
669 19 -0.349818
709 19 -0.342099
771 19 -1.139775
1 20 -1.000604
5 20 -6.944139
8 20 -1.127094
12 20 -3.026073
13 20 -2.250241
14 20 -21.235197
15 20 -16.574509
18 20 -8.893294
19 20 -4.401802
20 20 -12.509515
21 20 -11.837677
22 20 -0.900766
24 20 -0.271939
41 20 -0.744355
42 20 -3.121780
43 20 -0.822977
44 20 -1.092048
45 20 -4.142650
46 20 -6.218100
47 20 -4.905487
48 20 -1.343313
63 20 -0.085850
101 20 -2.250241
108 20 -3.068236
130 20 -9.794061
131 20 -4.587890
140 20 -0.674613
141 20 -2.546724
142 20 -3.777777
172 20 -3.121780
173 20 -0.822977
174 20 -4.142650
266 20 -2.546724
12 21 -0.478501
13 21 -3.810751
14 21 -3.810751
15 21 -28.432576
18 21 -4.315952
19 21 -12.030340
20 21 -11.837677
21 21 -21.706843
22 21 -0.271939
24 21 -0.980568
41 21 -0.757726
42 21 -3.252281
43 21 -4.158273
44 21 -0.165014
45 21 -0.757726
46 21 -1.203409
47 21 -5.185294
48 21 -5.194782
63 21 -0.791136
99 21 -3.810751
100 21 -0.478501
101 21 -3.810751
104 21 -0.478501
108 21 -0.478501
130 21 -4.587890
131 21 -12.219772
132 21 -0.461370
134 21 -0.980568
136 21 -0.461370
138 21 -4.578934
139 21 -11.281106
168 21 -4.578934
172 21 -3.252281
173 21 -4.158273
174 21 -0.757726
195 21 -2.003660
196 21 -2.233912
198 21 -2.233912
281 21 -0.813079
517 21 -0.822744
669 21 -0.813079
709 21 -3.626814
710 21 -3.279152
771 21 -3.279152
5 22 -6.944139
6 22 -1.000604
8 22 -21.235197
9 22 -3.026073
10 22 -16.574509
11 22 -2.250241
14 22 -1.127094
20 22 -0.900766
21 22 -0.271939
22 22 -12.509515
23 22 -8.893294
24 22 -11.837677
25 22 -4.401802
49 22 -4.905487
50 22 -6.218100
51 22 -3.121780
52 22 -4.142650
53 22 -1.343313
54 22 -0.822977
55 22 -0.744355
56 22 -1.092048
70 22 -0.085850
101 22 -2.250241
108 22 -3.068236
130 22 -9.794061
131 22 -4.587890
143 22 -3.777777
144 22 -2.546724
145 22 -0.674613
172 22 -3.121780
173 22 -0.822977
174 22 -4.142650
266 22 -2.546724
5 23 -4.133285
6 23 -6.275910
7 23 -4.391637
8 23 -12.845022
9 23 -14.007479
10 23 -9.884126
11 23 -12.931140
22 23 -8.893294
23 23 -5.065021
24 23 -4.315952
25 23 -9.634508
49 23 -0.796917
50 23 -1.137957
51 23 -3.016656
52 23 -4.050832
53 23 -0.184729
54 23 -0.796917
55 23 -4.050832
56 23 -5.432743
70 23 -0.741214
143 23 -0.688940
144 23 -2.518071
145 23 -3.521531
162 23 -2.324553
163 23 -3.521531
167 23 -2.518071
8 24 -3.810751
9 24 -0.478501
10 24 -28.432576
11 24 -3.810751
20 24 -0.271939
21 24 -0.980568
22 24 -11.837677
23 24 -4.315952
24 24 -21.706843
25 24 -12.030340
49 24 -5.185294
50 24 -1.203409
51 24 -3.252281
52 24 -0.757726
53 24 -5.194782
54 24 -4.158273
55 24 -0.757726
56 24 -0.165014
70 24 -0.791136
100 24 -0.478501
101 24 -3.810751
103 24 -3.810751
107 24 -0.478501
108 24 -0.478501
130 24 -4.587890
131 24 -12.219772
134 24 -0.980568
135 24 -0.461370
136 24 -11.281106
137 24 -4.578934
139 24 -0.461370
168 24 -4.578934
172 24 -3.252281
173 24 -4.158273
174 24 -0.757726
196 24 -2.233912
197 24 -2.003660
199 24 -2.233912
284 24 -0.813079
528 24 -0.822744
668 24 -0.813079
707 24 -3.279152
708 24 -3.626814
770 24 -3.279152
6 25 -1.169023
7 25 -13.560637
8 25 -2.250241
9 25 -3.110770
10 25 -16.574509
11 25 -23.499940
22 25 -4.401802
23 25 -9.634508
24 25 -12.030340
25 25 -21.808482
49 25 -0.822977
50 25 -0.171700
51 25 -3.716438
52 25 -0.744355
53 25 -0.925733
54 25 -5.734866
55 25 -5.551944
56 25 -1.092048
67 25 -0.722495
69 25 -0.708358
70 25 -7.397862
90 25 -0.035495
103 25 -2.250241
106 25 -2.250241
107 25 -3.439243
120 25 -0.148826
121 25 -0.245026
134 25 -0.461370
135 25 -4.732065
136 25 -4.764847
137 25 -13.804863
155 25 -0.035999
163 25 -0.674613
167 25 -3.784080
171 25 -0.407913
179 25 -0.152493
180 25 -0.252066
188 25 -0.224632
189 25 -0.706351
190 25 -1.081932
197 25 -0.407913
199 25 -4.090867
528 25 -0.055089
542 25 -0.018187
568 25 -0.262255
624 25 -0.268239
625 25 -1.083161
668 25 -0.349818
708 25 -0.342099
770 25 -1.139775
26 26 9.426225
27 26 -1.803886
28 26 -1.536462
29 26 -0.983772
30 26 -1.559166
31 26 -1.488288
32 26 -0.643107
33 26 -1.037323
41 26 -1.181526
42 26 -0.179236
44 26 -1.668335
45 26 -1.181526
57 26 -1.536462
58 26 -0.643107
59 26 -1.803886
60 26 -1.488288
61 26 -0.983772
62 26 -1.037323
71 26 -0.443055
73 26 -0.291312
79 26 -0.070067
91 26 -1.784860
92 26 -0.443055
93 26 -1.326894
94 26 -0.291312
97 26 -0.436678
98 26 -0.070067
140 26 -1.488288
141 26 -0.643107
148 26 -1.450064
149 26 -0.622127
157 26 -0.291312
164 26 -0.622127
165 26 -1.488288
166 26 -0.643107
193 26 -0.291312
237 26 -1.326894
1 27 -4.063623
3 27 -0.326466
5 27 -4.093294
6 27 -0.327797
12 27 -0.326466
14 27 -0.327797
26 27 -1.803886
27 27 10.246518
28 27 -1.726871
29 27 -1.536462
30 27 -1.488288
31 27 -1.592673
32 27 -1.469544
33 27 -0.643107
44 27 -1.488288
45 27 -0.643107
59 27 -1.450064
60 27 -0.622127
140 27 -1.592673
141 27 -1.469544
148 27 -1.481336
149 27 -1.409581
164 27 -1.409581
165 27 -0.622127
1 28 -2.105935
3 28 -0.166555
5 28 -6.357580
6 28 -0.501443
12 28 -0.166555
14 28 -0.501443
26 28 -1.536462
27 28 -1.726871
28 28 9.573320
29 28 -1.797757
30 28 -0.643107
31 28 -1.469544
32 28 -1.585676
33 28 -1.229850
34 28 -1.680170
35 28 -1.286710
39 28 -0.320233
44 28 -0.643107
45 28 -1.568878
46 28 -0.660040
74 28 -0.438221
76 28 -1.266334
140 28 -1.469544
141 28 -1.811666
142 28 -1.513350
272 28 -1.357786
26 29 -0.983772
27 29 -1.536462
28 29 -1.797757
29 29 9.805428
30 29 -1.037323
31 29 -0.643107
32 29 -1.230030
33 29 -0.278520
34 29 -1.266149
35 29 -0.320233
39 29 -0.516217
41 29 -0.178836
42 29 -0.367418
44 29 -1.109573
45 29 -1.131092
46 29 -1.114969
47 29 -0.109095
61 29 -0.361804
62 29 -0.106586
71 29 -1.789911
72 29 -1.252464
73 29 -1.217014
74 29 -1.382750
75 29 -0.899817
76 29 -0.444286
77 29 -0.382900
78 29 -0.142870
79 29 -0.372509
80 29 -0.141255
91 29 -1.342328
93 29 -0.958676
97 29 -0.288997
140 29 -0.643107
141 29 -1.568878
142 29 -0.660040
157 29 -1.370160
158 29 -0.995367
160 29 -0.297652
237 29 -0.958676
272 29 -1.310154
1 30 -0.555908
2 30 -0.338133
3 30 -0.555908
4 30 -0.338133
5 30 -0.219793
6 30 -0.219793
16 30 -3.801955
17 30 -0.722643
26 30 -1.559166
27 30 -1.488288
28 30 -0.643107
29 30 -1.037323
30 30 9.849248
31 30 -1.722784
32 30 -1.510218
33 30 -0.872763
36 30 -0.631149
37 30 -1.129711
57 30 -0.643107
58 30 -1.510218
59 30 -1.488288
60 30 -1.722784
61 30 -1.037323
62 30 -0.872763
64 30 -0.176512
71 30 -0.070325
73 30 -0.290796
79 30 -0.438237
85 30 -0.286747
91 30 -0.438726
92 30 -0.070325
93 30 -1.322797
94 30 -0.290796
97 30 -1.746276
98 30 -0.438237
110 30 -1.289684
111 30 -0.286747
148 30 -0.622127
149 30 -1.434863
1 31 -4.116606
2 31 -0.163612
3 31 -1.773537
4 31 -0.163612
5 31 -3.801986
6 31 -1.443662
16 31 -2.846918
26 31 -1.488288
27 31 -1.592673
28 31 -1.469544
29 31 -0.643107
30 31 -1.722784
31 31 10.480044
32 31 -1.654944
33 31 -1.510218
36 31 -1.436153
37 31 -0.631149
59 31 -0.622127
60 31 -1.434863
148 31 -1.409581
149 31 -1.435237
1 32 -1.989021
3 32 -0.779537
5 32 -5.637682
6 32 -1.989021
16 32 -1.349226
26 32 -0.643107
27 32 -1.469544
28 32 -1.585676
29 32 -1.230030
30 32 -1.510218
31 32 -1.654944
32 32 9.912609
33 32 -1.668954
34 32 -1.286687
35 32 -1.585676
36 32 -1.654944
37 32 -1.510218
38 32 -1.469544
39 32 -1.230030
40 32 -0.643107
74 32 -0.436984
76 32 -0.320381
272 32 -1.352585
1 33 -0.078894
3 33 -0.078894
5 33 -0.078894
6 33 -0.078894
16 33 -1.462668
17 33 -0.088256
26 33 -1.037323
27 33 -0.643107
28 33 -1.229850
29 33 -0.278520
30 33 -0.872763
31 33 -1.510218
32 33 -1.668954
33 33 10.369479
34 33 -0.320017
35 33 -1.229850
36 33 -1.510218
37 33 -0.872763
38 33 -0.643107
39 33 -0.278520
40 33 -1.037323
61 33 -0.106586
62 33 -0.359275
64 33 -0.359275
67 33 -0.106586
71 33 -0.375244
72 33 -0.141980
73 33 -1.210820
74 33 -1.367856
75 33 -0.895094
76 33 -0.515979
78 33 -0.141980
79 33 -1.732889
80 33 -1.210820
81 33 -0.375244
85 33 -1.316682
86 33 -0.955942
88 33 -0.290364
91 33 -0.290364
93 33 -0.955942
97 33 -1.316682
110 33 -0.934146
272 33 -1.303915
1 34 -0.595810
3 34 -0.038883
5 34 -7.396679
6 34 -0.595810
8 34 -0.595810
9 34 -0.038883
12 34 -0.038883
14 34 -0.595810
28 34 -1.680170
29 34 -1.266149
32 34 -1.286687
33 34 -0.320017
34 34 9.178843
35 34 -1.680170
39 34 -1.266149
45 34 -0.660040
46 34 -1.606952
50 34 -1.606952
52 34 -0.660040
74 34 -0.439513
76 34 -1.954948
108 34 -0.038883
141 34 -1.513350
142 34 -1.907484
143 34 -1.907484
144 34 -1.513350
174 34 -0.660040
266 34 -1.513350
272 34 -1.363172
1 35 -0.501443
3 35 -0.166555
5 35 -6.357580
6 35 -2.105935
8 35 -0.501443
9 35 -0.166555
28 35 -1.286710
29 35 -0.320233
32 35 -1.585676
33 35 -1.229850
34 35 -1.680170
35 35 9.573320
36 35 -1.469544
37 35 -0.643107
38 35 -1.726871
39 35 -1.797757
40 35 -1.536462
50 35 -0.660040
52 35 -1.568878
56 35 -0.643107
74 35 -0.438221
76 35 -1.266334
143 35 -1.513350
144 35 -1.811666
145 35 -1.469544
272 35 -1.357786
1 36 -1.443662
3 36 -1.773537
4 36 -0.163612
5 36 -3.801986
6 36 -4.116606
7 36 -0.163612
16 36 -2.846918
30 36 -0.631149
31 36 -1.436153
32 36 -1.654944
33 36 -1.510218
35 36 -1.469544
36 36 10.480044
37 36 -1.722784
38 36 -1.592673
39 36 -0.643107
40 36 -1.488288
66 36 -1.434863
68 36 -0.622127
146 36 -1.435237
147 36 -1.409581
1 37 -0.219793
3 37 -0.555908
4 37 -0.338133
5 37 -0.219793
6 37 -0.555908
7 37 -0.338133
16 37 -3.801955
17 37 -0.722643
30 37 -1.129711
31 37 -0.631149
32 37 -1.510218
33 37 -0.872763
35 37 -0.643107
36 37 -1.722784
37 37 9.849248
38 37 -1.488288
39 37 -1.037323
40 37 -1.559166
62 37 -0.176512
64 37 -0.872763
65 37 -1.510218
66 37 -1.722784
67 37 -1.037323
68 37 -1.488288
69 37 -0.643107
79 37 -0.438237
80 37 -0.290796
81 37 -0.070325
84 37 -0.438237
85 37 -1.746276
86 37 -1.322797
87 37 -0.290796
88 37 -0.438726
90 37 -0.070325
97 37 -0.286747
110 37 -1.289684
111 37 -0.286747
146 37 -1.434863
147 37 -0.622127
1 38 -0.327797
3 38 -0.326466
5 38 -4.093294
6 38 -4.063623
8 38 -0.327797
9 38 -0.326466
32 38 -1.469544
33 38 -0.643107
35 38 -1.726871
36 38 -1.592673
37 38 -1.488288
38 38 10.246518
39 38 -1.536462
40 38 -1.803886
52 38 -0.643107
56 38 -1.488288
66 38 -0.622127
68 38 -1.450064
144 38 -1.469544
145 38 -1.592673
146 38 -1.409581
147 38 -1.481336
162 38 -1.409581
163 38 -0.622127
28 39 -0.320233
29 39 -0.516217
32 39 -1.230030
33 39 -0.278520
34 39 -1.266149
35 39 -1.797757
36 39 -0.643107
37 39 -1.037323
38 39 -1.536462
39 39 9.805428
40 39 -0.983772
49 39 -0.109095
50 39 -1.114969
51 39 -0.367418
52 39 -1.131092
55 39 -0.178836
56 39 -1.109573
64 39 -0.106586
67 39 -0.361804
72 39 -0.142870
73 39 -0.141255
74 39 -1.382750
75 39 -0.899817
76 39 -0.444286
77 39 -0.382900
78 39 -1.252464
79 39 -0.372509
80 39 -1.217014
81 39 -1.789911
85 39 -0.288997
86 39 -0.958676
88 39 -1.342328
143 39 -0.660040
144 39 -1.568878
145 39 -0.643107
150 39 -0.297652
151 39 -0.995367
154 39 -1.370160
238 39 -0.958676
272 39 -1.310154
32 40 -0.643107
33 40 -1.037323
35 40 -1.536462
36 40 -1.488288
37 40 -1.559166
38 40 -1.803886
39 40 -0.983772
40 40 9.426225
51 40 -0.179236
52 40 -1.181526
55 40 -1.181526
56 40 -1.668335
64 40 -1.037323
65 40 -0.643107
66 40 -1.488288
67 40 -0.983772
68 40 -1.803886
69 40 -1.536462
79 40 -0.070067
80 40 -0.291312
81 40 -0.443055
84 40 -0.070067
85 40 -0.436678
86 40 -1.326894
87 40 -0.291312
88 40 -1.784860
90 40 -0.443055
144 40 -0.643107
145 40 -1.488288
146 40 -0.622127
147 40 -1.450064
154 40 -0.291312
162 40 -0.622127
163 40 -1.488288
167 40 -0.643107
188 40 -0.291312
238 40 -1.326894
1 41 -0.173282
2 41 -1.441186
12 41 -0.173282
13 41 -0.718946
18 41 -4.050832
19 41 -5.551944
20 41 -0.744355
21 41 -0.757726
26 41 -1.181526
29 41 -0.178836
41 41 8.242039
42 41 -1.364689
43 41 -1.189314
44 41 -1.794386
45 41 -1.223726
57 41 -1.568878
59 41 -0.643107
61 41 -1.131092
63 41 -2.854283
91 41 -0.290364
92 41 -0.446234
122 41 -0.296763
123 41 -0.071435
156 41 -0.454552
157 41 -0.293821
165 41 -1.510218
166 41 -2.007023
181 41 -0.072746
182 41 -0.303491
191 41 -1.403805
192 41 -0.453714
193 41 -1.856078
237 41 -1.340065
18 42 -3.016656
19 42 -3.716438
20 42 -3.121780
21 42 -3.252281
26 42 -0.179236
29 42 -0.367418
41 42 -1.364689
42 42 7.119639
43 42 -1.684866
44 42 -1.151963
45 42 -1.364689
46 42 -1.189314
47 42 -1.544496
48 42 -1.286418
61 42 -0.367418
63 42 -0.703753
76 42 -0.109095
156 42 -2.009227
157 42 -1.401216
158 42 -1.020143
159 42 -1.423894
160 42 -0.302443
161 42 -0.369924
181 42 -0.479802
182 42 -1.533541
183 42 -1.034415
184 42 -0.329438
185 42 -0.218793
186 42 -0.078734
191 42 -1.020143
192 42 -0.302443
193 42 -1.401216
237 42 -0.971763
321 42 -0.156609
558 42 -0.460078
18 43 -0.796917
19 43 -5.734866
20 43 -0.822977
21 43 -4.158273
41 43 -1.189314
42 43 -1.684866
43 43 6.637592
47 43 -1.286429
48 43 -1.016780
61 43 -0.109095
63 43 -1.595747
132 43 -0.407913
138 43 -1.012864
139 43 -0.482570
156 43 -0.468325
159 43 -0.279548
161 43 -0.038651
169 43 -0.228115
181 43 -1.802120
182 43 -1.556496
183 43 -1.134079
184 43 -0.972030
185 43 -0.298871
186 43 -0.320250
191 43 -1.027306
192 43 -1.465278
193 43 -0.298862
195 43 -0.228115
198 43 -0.858805
321 43 -0.052452
354 43 -0.017364
370 43 -0.140516
371 43 -0.071134
416 43 -0.042409
517 43 -0.290589
518 43 -0.017012
519 43 -0.105996
558 43 -0.154465
626 43 -1.027306
627 43 -0.815682
640 43 -0.347248
641 43 -0.137401
655 43 -0.068395
669 43 -0.988277
670 43 -0.241621
671 43 -0.675372
672 43 -0.308021
673 43 -0.069352
684 43 -0.068395
709 43 -0.307298
752 43 -1.207833
753 43 -0.656547
771 43 -1.466853
787 43 -0.291419
1 44 -0.595355
2 44 -0.338133
5 44 -0.338133
12 44 -0.595355
13 44 -0.338133
14 44 -0.338133
18 44 -5.432743
19 44 -1.092048
20 44 -1.092048
21 44 -0.165014
26 44 -1.668335
27 44 -1.488288
28 44 -0.643107
29 44 -1.109573
41 44 -1.794386
42 44 -1.151963
44 44 9.191850
45 44 -1.794386
57 44 -0.643107
59 44 -1.488288
61 44 -1.109573
71 44 -0.070325
91 44 -0.438726
92 44 -0.070325
140 44 -1.722784
141 44 -1.510218
148 44 -0.622127
156 44 -0.070990
157 44 -0.442637
164 44 -1.434863
165 44 -1.722784
166 44 -1.510218
193 44 -0.442637
237 44 -1.403239
1 45 -0.173282
5 45 -0.522836
12 45 -0.173282
14 45 -0.522836
18 45 -4.050832
19 45 -0.744355
20 45 -4.142650
21 45 -0.757726
26 45 -1.181526
27 45 -0.643107
28 45 -1.568878
29 45 -1.131092
34 45 -0.660040
41 45 -1.223726
42 45 -1.364689
44 45 -1.794386
45 45 8.242039
46 45 -2.034149
47 45 -1.189314
61 45 -0.178836
71 45 -0.446234
72 45 -0.296763
76 45 -1.114969
77 45 -0.071435
91 45 -0.290364
140 45 -1.510218
141 45 -2.007023
142 45 -1.568878
156 45 -0.454552
157 45 -1.856078
158 45 -1.403805
159 45 -0.303491
160 45 -0.453714
161 45 -0.072746
193 45 -0.293821
237 45 -1.340065
1 46 -0.040194
5 46 -0.625281
8 46 -0.040194
12 46 -0.040194
14 46 -0.625281
18 46 -1.137957
19 46 -0.171700
20 46 -6.218100
21 46 -1.203409
28 46 -0.660040
29 46 -1.114969
34 46 -1.606952
42 46 -1.189314
45 46 -2.034149
46 46 7.433813
47 46 -1.630734
49 46 -0.183811
50 46 -1.262780
71 46 -0.070990
72 46 -0.297652
76 46 -1.311151
77 46 -0.454335
108 46 -0.040194
130 46 -1.137957
131 46 -0.171700
141 46 -1.568878
142 46 -2.137564
143 46 -0.660040
150 46 -0.297652
156 46 -0.071999
157 46 -0.449265
158 46 -1.412702
159 46 -0.304985
160 46 -1.937007
161 46 -0.467759
172 46 -1.337630
174 46 -2.146465
266 46 -1.568878
287 46 -0.304985
327 46 -1.412702
18 47 -0.796917
19 47 -0.822977
20 47 -4.905487
21 47 -5.185294
29 47 -0.109095
42 47 -1.544496
43 47 -1.286429
45 47 -1.189314
46 47 -1.630734
47 47 5.680875
48 47 -2.279314
49 47 -0.387952
50 47 -0.183811
53 47 -0.116813
76 47 -0.372467
130 47 -0.796917
131 47 -0.822977
156 47 -0.468325
157 47 -0.298862
158 47 -1.027306
159 47 -1.226948
160 47 -1.465278
161 47 -1.875330
172 47 -2.090442
173 47 -1.456217
174 47 -1.264030
181 47 -0.075477
182 47 -0.316297
183 47 -0.839345
184 47 -0.335953
185 47 -1.414667
186 47 -0.531141
285 47 -1.171070
286 47 -0.335953
287 47 -1.556496
321 47 -0.470580
327 47 -1.027306
558 47 -1.383566
18 48 -0.184729
19 48 -0.925733
20 48 -1.343313
21 48 -5.194782
42 48 -1.286418
43 48 -1.016780
47 48 -2.279314
48 48 5.363559
49 48 -0.116813
53 48 -0.244621
130 48 -0.184729
131 48 -0.925733
138 48 -0.046380
139 48 -0.280756
156 48 -0.073806
159 48 -0.209168
161 48 -0.385463
168 48 -0.046380
172 48 -1.456217
173 48 -1.287752
181 48 -0.329422
182 48 -0.319640
183 48 -1.092497
184 48 -0.945079
185 48 -1.705688
186 48 -1.380502
196 48 -0.241248
198 48 -0.232663
281 48 -0.882760
283 48 -0.086246
284 48 -0.059911
285 48 -1.203695
286 48 -0.945079
287 48 -0.319640
321 48 -0.157637
354 48 -0.252055
355 48 -0.213930
359 48 -0.140844
370 48 -0.140844
371 48 -0.213930
517 48 -1.061887
518 48 -0.244132
519 48 -1.031041
520 48 -0.926694
521 48 -0.208238
522 48 -0.608361
523 48 -0.069561
558 48 -0.464618
627 48 -0.042742
640 48 -0.069561
669 48 -0.796514
670 48 -0.138153
671 48 -0.608361
672 48 -0.926694
673 48 -0.208238
709 48 -1.515186
710 48 -1.054143
752 48 -0.298941
753 48 -0.068677
767 48 -0.298941
771 48 -1.054143
22 49 -4.905487
23 49 -0.796917
24 49 -5.185294
25 49 -0.822977
39 49 -0.109095
46 49 -0.183811
47 49 -0.387952
48 49 -0.116813
49 49 5.680875
50 49 -1.630734
51 49 -1.544496
52 49 -1.189314
53 49 -2.279314
54 49 -1.286429
76 49 -0.372467
130 49 -0.796917
131 49 -0.822977
150 49 -1.465278
151 49 -1.027306
152 49 -1.875330
153 49 -1.226948
154 49 -0.298862
155 49 -0.468325
172 49 -2.090442
173 49 -1.456217
174 49 -1.264030
175 49 -0.531141
176 49 -1.414667
177 49 -0.335953
178 49 -0.839345
179 49 -0.316297
180 49 -0.075477
285 49 -1.171070
286 49 -0.335953
287 49 -1.556496
319 49 -0.470580
327 49 -1.027306
557 49 -1.383566
5 50 -0.625281
6 50 -0.040194
8 50 -0.625281
9 50 -0.040194
14 50 -0.040194
22 50 -6.218100
23 50 -1.137957
24 50 -1.203409
25 50 -0.171700
34 50 -1.606952
35 50 -0.660040
39 50 -1.114969
46 50 -1.262780
47 50 -0.183811
49 50 -1.630734
50 50 7.433813
51 50 -1.189314
52 50 -2.034149
76 50 -1.311151
77 50 -0.454335
78 50 -0.297652
81 50 -0.070990
108 50 -0.040194
130 50 -1.137957
131 50 -0.171700
142 50 -0.660040
143 50 -2.137564
144 50 -1.568878
150 50 -1.937007
151 50 -1.412702
152 50 -0.467759
153 50 -0.304985
154 50 -0.449265
155 50 -0.071999
160 50 -0.297652
172 50 -1.337630
174 50 -2.146465
266 50 -1.568878
287 50 -0.304985
327 50 -1.412702
22 51 -3.121780
23 51 -3.016656
24 51 -3.252281
25 51 -3.716438
39 51 -0.367418
40 51 -0.179236
49 51 -1.544496
50 51 -1.189314
51 51 7.119639
52 51 -1.364689
53 51 -1.286418
54 51 -1.684866
55 51 -1.364689
56 51 -1.151963
67 51 -0.367418
70 51 -0.703753
76 51 -0.109095
150 51 -0.302443
151 51 -1.020143
152 51 -0.369924
153 51 -1.423894
154 51 -1.401216
155 51 -2.009227
175 51 -0.078734
176 51 -0.218793
177 51 -0.329438
178 51 -1.034415
179 51 -1.533541
180 51 -0.479802
188 51 -1.401216
189 51 -1.020143
190 51 -0.302443
238 51 -0.971763
319 51 -0.156609
557 51 -0.460078
5 52 -0.522836
6 52 -0.173282
8 52 -0.522836
9 52 -0.173282
22 52 -4.142650
23 52 -4.050832
24 52 -0.757726
25 52 -0.744355
34 52 -0.660040
35 52 -1.568878
38 52 -0.643107
39 52 -1.131092
40 52 -1.181526
49 52 -1.189314
50 52 -2.034149
51 52 -1.364689
52 52 8.242039
55 52 -1.223726
56 52 -1.794386
67 52 -0.178836
76 52 -1.114969
77 52 -0.071435
78 52 -0.296763
81 52 -0.446234
88 52 -0.290364
143 52 -1.568878
144 52 -2.007023
145 52 -1.510218
150 52 -0.453714
151 52 -1.403805
152 52 -0.072746
153 52 -0.303491
154 52 -1.856078
155 52 -0.454552
188 52 -0.293821
238 52 -1.340065
22 53 -1.343313
23 53 -0.184729
24 53 -5.194782
25 53 -0.925733
47 53 -0.116813
48 53 -0.244621
49 53 -2.279314
51 53 -1.286418
53 53 5.363559
54 53 -1.016780
130 53 -0.184729
131 53 -0.925733
136 53 -0.280756
137 53 -0.046380
152 53 -0.385463
153 53 -0.209168
155 53 -0.073806
168 53 -0.046380
172 53 -1.456217
173 53 -1.287752
175 53 -1.380502
176 53 -1.705688
177 53 -0.945079
178 53 -1.092497
179 53 -0.319640
180 53 -0.329422
196 53 -0.241248
199 53 -0.232663
281 53 -0.059911
283 53 -0.086246
284 53 -0.882760
285 53 -1.203695
286 53 -0.945079
287 53 -0.319640
319 53 -0.157637
359 53 -0.140844
360 53 -0.213930
365 53 -0.252055
377 53 -0.213930
381 53 -0.140844
522 53 -0.069561
523 53 -0.608361
524 53 -0.926694
525 53 -0.208238
526 53 -1.031041
527 53 -0.244132
528 53 -1.061887
557 53 -0.464618
624 53 -0.042742
638 53 -0.069561
664 53 -0.926694
665 53 -0.208238
666 53 -0.608361
667 53 -0.138153
668 53 -0.796514
707 53 -1.054143
708 53 -1.515186
750 53 -0.298941
751 53 -0.068677
767 53 -0.298941
770 53 -1.054143
22 54 -0.822977
23 54 -0.796917
24 54 -4.158273
25 54 -5.734866
49 54 -1.286429
51 54 -1.684866
53 54 -1.016780
54 54 6.637592
55 54 -1.189314
67 54 -0.109095
70 54 -1.595747
135 54 -0.407913
136 54 -0.482570
137 54 -1.012864
152 54 -0.038651
153 54 -0.279548
155 54 -0.468325
171 54 -0.228115
175 54 -0.320250
176 54 -0.298871
177 54 -0.972030
178 54 -1.134079
179 54 -1.556496
180 54 -1.802120
188 54 -0.298862
189 54 -1.027306
190 54 -1.465278
197 54 -0.228115
199 54 -0.858805
319 54 -0.052452
365 54 -0.017364
377 54 -0.071134
381 54 -0.140516
439 54 -0.042409
526 54 -0.105996
527 54 -0.017012
528 54 -0.290589
557 54 -0.154465
624 54 -0.815682
625 54 -1.027306
638 54 -0.347248
639 54 -0.137401
654 54 -0.068395
664 54 -0.308021
665 54 -0.069352
666 54 -0.675372
667 54 -0.241621
668 54 -0.988277
683 54 -0.068395
708 54 -0.307298
750 54 -1.207833
751 54 -0.656547
770 54 -1.466853
786 54 -0.291419
6 55 -0.173282
7 55 -1.441186
9 55 -0.173282
11 55 -0.718946
22 55 -0.744355
23 55 -4.050832
24 55 -0.757726
25 55 -5.551944
39 55 -0.178836
40 55 -1.181526
51 55 -1.364689
52 55 -1.223726
54 55 -1.189314
55 55 8.242039
56 55 -1.794386
67 55 -1.131092
68 55 -0.643107
69 55 -1.568878
70 55 -2.854283
88 55 -0.290364
90 55 -0.446234
120 55 -0.296763
121 55 -0.071435
154 55 -0.293821
155 55 -0.454552
163 55 -1.510218
167 55 -2.007023
179 55 -0.303491
180 55 -0.072746
188 55 -1.856078
189 55 -1.403805
190 55 -0.453714
238 55 -1.340065
5 56 -0.338133
6 56 -0.595355
7 56 -0.338133
8 56 -0.338133
9 56 -0.595355
11 56 -0.338133
22 56 -1.092048
23 56 -5.432743
24 56 -0.165014
25 56 -1.092048
35 56 -0.643107
38 56 -1.488288
39 56 -1.109573
40 56 -1.668335
51 56 -1.151963
52 56 -1.794386
55 56 -1.794386
56 56 9.191850
67 56 -1.109573
68 56 -1.488288
69 56 -0.643107
81 56 -0.070325
88 56 -0.438726
90 56 -0.070325
144 56 -1.510218
145 56 -1.722784
147 56 -0.622127
154 56 -0.442637
155 56 -0.070990
162 56 -1.434863
163 56 -1.722784
167 56 -1.510218
188 56 -0.442637
238 56 -1.403239
1 57 -2.105935
2 57 -8.446334
3 57 -0.166555
4 57 -0.690611
12 57 -0.166555
13 57 -0.690611
17 57 -0.708358
19 57 -0.708358
26 57 -1.536462
30 57 -0.643107
41 57 -1.568878
44 57 -0.643107
57 57 9.346680
58 57 -1.811666
59 57 -1.726871
60 57 -1.469544
61 57 -2.137564
62 57 -1.568878
63 57 -3.977409
165 57 -1.469544
166 57 -1.811666
1 58 -2.092455
2 58 -7.751420
3 58 -0.882971
4 58 -2.893167
16 58 -2.518071
17 58 -3.784080
26 58 -0.643107
30 58 -1.510218
57 58 -1.811666
58 58 9.687269
59 58 -1.469544
60 58 -1.654944
61 58 -1.568878
62 58 -2.007023
63 58 -2.654071
1 59 -4.063623
2 59 -4.093294
3 59 -0.326466
4 59 -0.327797
12 59 -0.326466
13 59 -0.327797
26 59 -1.803886
27 59 -1.450064
30 59 -1.488288
31 59 -0.622127
41 59 -0.643107
44 59 -1.488288
57 59 -1.726871
58 59 -1.469544
59 59 10.246518
60 59 -1.592673
61 59 -1.536462
62 59 -0.643107
140 59 -0.622127
148 59 -1.481336
149 59 -1.409581
164 59 -1.409581
165 59 -1.592673
166 59 -1.469544
1 60 -4.206365
2 60 -4.071265
3 60 -1.863296
4 60 -1.712941
5 60 -0.163612
6 60 -0.163612
16 60 -3.521531
17 60 -0.674613
26 60 -1.488288
27 60 -0.622127
30 60 -1.722784
31 60 -1.434863
57 60 -1.469544
58 60 -1.654944
59 60 -1.592673
60 60 10.480044
61 60 -0.643107
62 60 -1.510218
148 60 -1.409581
149 60 -1.435237
2 61 -1.298506
4 61 -0.082505
13 61 -0.082505
17 61 -0.667947
19 61 -0.722495
26 61 -0.983772
29 61 -0.361804
30 61 -1.037323
33 61 -0.106586
41 61 -1.131092
42 61 -0.367418
43 61 -0.109095
44 61 -1.109573
45 61 -0.178836
57 61 -2.137564
58 61 -1.568878
59 61 -1.536462
60 61 -0.643107
61 61 9.315771
62 61 -0.763674
63 61 -3.132601
91 61 -1.342328
92 61 -1.860901
93 61 -0.958676
94 61 -1.370160
97 61 -0.288997
98 61 -0.443137
122 61 -1.407246
123 61 -0.454335
124 61 -0.995367
125 61 -0.297652
126 61 -0.294401
127 61 -0.070990
165 61 -0.643107
166 61 -1.568878
191 61 -0.995367
192 61 -0.297652
193 61 -1.370160
237 61 -0.958676
1 62 -0.173282
2 62 -1.441186
3 62 -0.173282
4 62 -0.718946
16 62 -2.188348
17 62 -3.000163
26 62 -1.037323
29 62 -0.106586
30 62 -0.872763
33 62 -0.359275
37 62 -0.176512
57 62 -1.568878
58 62 -2.007023
59 62 -0.643107
60 62 -1.510218
61 62 -0.763674
62 62 9.888828
63 62 -2.109950
64 62 -0.359275
70 62 -0.053293
91 62 -0.290364
92 62 -0.446234
93 62 -0.955942
94 62 -1.363966
97 62 -1.316682
98 62 -1.803516
110 62 -0.934146
111 62 -1.316682
122 62 -0.296763
123 62 -0.071435
124 62 -0.990643
125 62 -0.296763
126 62 -1.363966
127 62 -0.446234
264 62 -0.955942
265 62 -0.290364
1 63 -0.634744
2 63 -18.793452
3 63 -0.104139
4 63 -2.677540
12 63 -0.104139
13 63 -2.677540
16 63 -0.511954
17 63 -4.703403
18 63 -0.741214
19 63 -7.397862
20 63 -0.085850
21 63 -0.791136
41 63 -2.854283
42 63 -0.703753
43 63 -1.595747
57 63 -3.977409
58 63 -2.654071
61 63 -3.132601
62 63 -2.109950
63 63 -2.354291
64 63 -0.053293
70 63 -0.211643
92 63 -0.520798
94 63 -0.442327
98 63 -0.292196
104 63 -0.478501
105 63 -3.810751
109 63 -0.478501
111 63 -0.144499
122 63 -1.713953
123 63 -2.660504
124 63 -1.498103
125 63 -2.342941
126 63 -0.980206
127 63 -1.527312
132 63 -10.679096
133 63 -4.058362
134 63 -0.980568
135 63 -0.370776
138 63 -4.527469
139 63 -0.461370
156 63 -0.035999
166 63 -2.654071
169 63 -1.828760
170 63 -1.189039
181 63 -0.252066
182 63 -0.152493
191 63 -1.706770
192 63 -2.647058
193 63 -0.519759
198 63 -2.120496
264 63 -0.479338
265 63 -0.743755
543 63 -0.179902
546 63 -0.014712
552 63 -0.138075
565 63 -0.149637
566 63 -0.073455
569 63 -2.849054
570 63 -2.495198
571 63 -1.668858
626 63 -2.789931
627 63 -0.420731
661 63 -0.089806
690 63 -0.089611
790 63 -0.814354
792 63 -0.257980
3 64 -0.173282
4 64 -0.718946
6 64 -0.173282
7 64 -1.441186
16 64 -2.188348
17 64 -3.000163
30 64 -0.176512
33 64 -0.359275
37 64 -0.872763
39 64 -0.106586
40 64 -1.037323
62 64 -0.359275
63 64 -0.053293
64 64 9.888828
65 64 -2.007023
66 64 -1.510218
67 64 -0.763674
68 64 -0.643107
69 64 -1.568878
70 64 -2.109950
84 64 -1.803516
85 64 -1.316682
86 64 -0.955942
87 64 -1.363966
88 64 -0.290364
90 64 -0.446234
110 64 -0.934146
111 64 -1.316682
116 64 -0.446234
117 64 -1.363966
118 64 -0.990643
119 64 -0.296763
120 64 -0.296763
121 64 -0.071435
264 64 -0.955942
265 64 -0.290364
3 65 -0.882971
4 65 -2.893167
6 65 -2.092455
7 65 -7.751420
16 65 -2.518071
17 65 -3.784080
37 65 -1.510218
40 65 -0.643107
64 65 -2.007023
65 65 9.687269
66 65 -1.654944
67 65 -1.568878
68 65 -1.469544
69 65 -1.811666
70 65 -2.654071
1 66 -0.163612
3 66 -1.863296
4 66 -1.712941
5 66 -0.163612
6 66 -4.206365
7 66 -4.071265
16 66 -3.521531
17 66 -0.674613
36 66 -1.434863
37 66 -1.722784
38 66 -0.622127
40 66 -1.488288
64 66 -1.510218
65 66 -1.654944
66 66 10.480044
67 66 -0.643107
68 66 -1.592673
69 66 -1.469544
146 66 -1.435237
147 66 -1.409581
4 67 -0.082505
7 67 -1.298506
11 67 -0.082505
17 67 -0.667947
25 67 -0.722495
33 67 -0.106586
37 67 -1.037323
39 67 -0.361804
40 67 -0.983772
51 67 -0.367418
52 67 -0.178836
54 67 -0.109095
55 67 -1.131092
56 67 -1.109573
64 67 -0.763674
65 67 -1.568878
66 67 -0.643107
67 67 9.315771
68 67 -1.536462
69 67 -2.137564
70 67 -3.132601
84 67 -0.443137
85 67 -0.288997
86 67 -0.958676
87 67 -1.370160
88 67 -1.342328
90 67 -1.860901
116 67 -0.070990
117 67 -0.294401
118 67 -0.995367
119 67 -0.297652
120 67 -1.407246
121 67 -0.454335
163 67 -0.643107
167 67 -1.568878
188 67 -1.370160
189 67 -0.995367
190 67 -0.297652
238 67 -0.958676
3 68 -0.326466
4 68 -0.327797
6 68 -4.063623
7 68 -4.093294
9 68 -0.326466
11 68 -0.327797
36 68 -0.622127
37 68 -1.488288
38 68 -1.450064
40 68 -1.803886
55 68 -0.643107
56 68 -1.488288
64 68 -0.643107
65 68 -1.469544
66 68 -1.592673
67 68 -1.536462
68 68 10.246518
69 68 -1.726871
145 68 -0.622127
146 68 -1.409581
147 68 -1.481336
162 68 -1.409581
163 68 -1.592673
167 68 -1.469544
3 69 -0.166555
4 69 -0.690611
6 69 -2.105935
7 69 -8.446334
9 69 -0.166555
11 69 -0.690611
17 69 -0.708358
25 69 -0.708358
37 69 -0.643107
40 69 -1.536462
55 69 -1.568878
56 69 -0.643107
64 69 -1.568878
65 69 -1.811666
66 69 -1.469544
67 69 -2.137564
68 69 -1.726871
