29 29 341
1 1 -1756.989632
2 1 -110.219737
3 1 -39.316313
4 1 -39.316313
5 1 -33.416678
6 1 -28.994722
7 1 -9.878179
8 1 -76.569820
9 1 -28.994722
10 1 -9.878179
11 1 -76.569820
12 1 -56.492043
13 1 -56.492043
14 1 -38.816788
15 1 -20.496376
16 1 -40.154979
17 1 -186.027489
18 1 -87.730076
19 1 -87.730076
20 1 -186.027489
21 1 -8.802623
22 1 -5.184721
23 1 -29.438109
24 1 -5.184721
25 1 -29.438109
28 1 -47.741499
29 1 -47.741499
1 2 -110.219737
2 2 -252.757910
3 2 -56.605497
4 2 -56.605497
5 2 -16.614163
6 2 -76.360919
7 2 -16.653354
8 2 -1.707100
9 2 -76.360919
10 2 -16.653354
11 2 -1.707100
12 2 -28.728700
13 2 -28.728700
14 2 -13.328397
16 2 -8.802623
17 2 -28.141172
20 2 -28.141172
21 2 -23.387506
22 2 -3.282479
23 2 -17.216240
24 2 -3.282479
25 2 -17.216240
1 3 -39.316313
2 3 -56.605497
3 3 -171.145651
4 3 -16.858852
5 3 -56.600758
9 3 -16.653354
10 3 -55.832701
11 3 -16.653354
12 3 -24.408286
13 3 -2.250241
14 3 -14.745765
17 3 -1.551502
24 3 -3.072230
25 3 -14.745765
1 4 -39.316313
2 4 -56.605497
3 4 -16.858852
4 4 -171.145651
5 4 -56.600758
6 4 -16.653354
7 4 -55.832701
8 4 -16.653354
12 4 -2.250241
13 4 -24.408286
14 4 -14.745765
20 4 -1.551502
22 4 -3.072230
23 4 -14.745765
1 5 -33.416678
2 5 -16.614163
3 5 -56.600758
4 5 -56.600758
5 5 -142.686889
12 5 -3.439243
13 5 -3.439243
14 5 -16.808902
1 6 -28.994722
2 6 -76.360919
4 6 -16.653354
6 6 -176.985276
7 6 -44.500515
8 6 -5.067002
9 6 -23.387506
13 6 -3.972377
16 6 -23.387506
17 6 -8.802623
20 6 -64.372775
21 6 -62.205481
22 6 -19.817409
23 6 -15.836444
27 6 -10.969652
1 7 -9.878179
2 7 -16.653354
4 7 -55.832701
6 7 -44.500515
7 7 -130.114284
8 7 -44.500515
13 7 -3.439243
20 7 -4.919377
22 7 -18.461939
23 7 -14.011738
27 7 -10.580996
1 8 -76.569820
2 8 -1.707100
4 8 -16.653354
6 8 -5.067002
7 8 -44.500515
8 8 -176.985276
13 8 -3.972377
19 8 -23.387506
20 8 -64.372775
22 8 -19.817409
23 8 -15.836444
27 8 -10.969652
28 8 -62.205481
1 9 -28.994722
2 9 -76.360919
3 9 -16.653354
6 9 -23.387506
9 9 -176.985276
10 9 -44.500515
11 9 -5.067002
12 9 -3.972377
16 9 -23.387506
17 9 -64.372775
20 9 -8.802623
21 9 -62.205481
24 9 -19.817409
25 9 -15.836444
26 9 -10.969652
1 10 -9.878179
2 10 -16.653354
3 10 -55.832701
9 10 -44.500515
10 10 -130.114284
11 10 -44.500515
12 10 -3.439243
17 10 -4.919377
24 10 -18.461939
25 10 -14.011738
26 10 -10.580996
1 11 -76.569820
2 11 -1.707100
3 11 -16.653354
9 11 -5.067002
10 11 -44.500515
11 11 -176.985276
12 11 -3.972377
17 11 -64.372775
18 11 -23.387506
24 11 -19.817409
25 11 -15.836444
26 11 -10.969652
29 11 -62.205481
1 12 -56.492043
2 12 -28.728700
3 12 -24.408286
4 12 -2.250241
5 12 -3.439243
9 12 -3.972377
10 12 -3.439243
11 12 -3.972377
12 12 -32.159778
13 12 -6.888543
14 12 -15.551370
17 12 -4.805016
25 12 -15.551370
1 13 -56.492043
2 13 -28.728700
3 13 -2.250241
4 13 -24.408286
5 13 -3.439243
6 13 -3.972377
7 13 -3.439243
8 13 -3.972377
12 13 -6.888543
13 13 -32.159778
14 13 -15.551370
20 13 -4.805016
23 13 -15.551370
1 14 -38.816788
2 14 -13.328397
3 14 -14.745765
4 14 -14.745765
5 14 -16.808902
12 14 -15.551370
13 14 -15.551370
14 14 -20.134261
1 15 -20.496376
15 15 -147.203713
16 15 -62.205481
17 15 -23.387506
18 15 -62.205481
19 15 -62.205481
20 15 -23.387506
1 16 -40.154979
2 16 -8.802623
6 16 -23.387506
9 16 -23.387506
15 16 -62.205481
16 16 -195.305780
17 16 -83.456442
18 16 -23.387506
19 16 -23.387506
20 16 -83.456442
21 16 -62.205481
1 17 -186.027489
2 17 -28.141172
3 17 -1.551502
6 17 -8.802623
9 17 -64.372775
10 17 -4.919377
11 17 -64.372775
12 17 -4.805016
15 17 -23.387506
16 17 -83.456442
17 17 -283.292674
18 17 -83.456442
19 17 -8.802623
20 17 -35.753667
21 17 -23.387506
24 17 -21.420130
25 17 -18.306919
26 17 -11.399037
29 17 -23.387506
1 18 -87.730076
11 18 -23.387506
15 18 -62.205481
16 18 -23.387506
17 18 -83.456442
18 18 -195.305780
19 18 -23.387506
20 18 -8.802623
29 18 -62.205481
1 19 -87.730076
8 19 -23.387506
15 19 -62.205481
16 19 -23.387506
17 19 -8.802623
18 19 -23.387506
19 19 -195.305780
20 19 -83.456442
28 19 -62.205481
1 20 -186.027489
2 20 -28.141172
4 20 -1.551502
6 20 -64.372775
7 20 -4.919377
8 20 -64.372775
9 20 -8.802623
13 20 -4.805016
15 20 -23.387506
16 20 -83.456442
17 20 -35.753667
18 20 -8.802623
19 20 -83.456442
20 20 -283.292674
21 20 -23.387506
22 20 -21.420130
23 20 -18.306919
27 20 -11.399037
28 20 -23.387506
1 21 -8.802623
2 21 -23.387506
6 21 -62.205481
9 21 -62.205481
16 21 -62.205481
17 21 -23.387506
20 21 -23.387506
21 21 -147.203713
1 22 -5.184721
2 22 -3.282479
4 22 -3.072230
6 22 -19.817409
7 22 -18.461939
8 22 -19.817409
20 22 -21.420130
22 22 -4.468033
23 22 -11.188652
27 22 -8.028090
1 23 -29.438109
2 23 -17.216240
4 23 -14.745765
6 23 -15.836444
7 23 -14.011738
8 23 -15.836444
13 23 -15.551370
20 23 -18.306919
22 23 -11.188652
23 23 -20.134261
1 24 -5.184721
2 24 -3.282479
3 24 -3.072230
9 24 -19.817409
10 24 -18.461939
11 24 -19.817409
17 24 -21.420130
24 24 -4.468033
25 24 -11.188652
26 24 -8.028090
1 25 -29.438109
2 25 -17.216240
3 25 -14.745765
9 25 -15.836444
10 25 -14.011738
11 25 -15.836444
12 25 -15.551370
17 25 -18.306919
24 25 -11.188652
25 25 -20.134261
9 26 -10.969652
10 26 -10.580996
11 26 -10.969652
17 26 -11.399037
24 26 -8.028090
26 26 5.415743
6 27 -10.969652
7 27 -10.580996
8 27 -10.969652
20 27 -11.399037
22 27 -8.028090
27 27 5.415743
1 28 -47.741499
8 28 -62.205481
19 28 -62.205481
20 28 -23.387506
28 28 -147.203713
1 29 -47.741499
11 29 -62.205481
17 29 -23.387506
18 29 -62.205481
29 29 -147.203713
