795 795 21949
1 1 32624.280011
2 1 6099.277072
3 1 8517.795139
4 1 1715.342204
5 1 6042.197899
6 1 1643.004241
7 1 51.427771
12 1 8541.531033
13 1 1719.156901
14 1 1717.602765
15 1 63.295718
16 1 528.123644
17 1 61.035156
18 1 581.529405
19 1 61.035156
20 1 57.644314
27 1 149.197049
28 1 74.598524
30 1 11.867947
31 1 150.327329
32 1 65.556279
33 1 1.130281
34 1 12.433087
35 1 10.172526
36 1 61.035156
37 1 5.086263
38 1 6.781684
41 1 3.390842
44 1 12.433087
45 1 3.390842
46 1 0.565140
57 1 74.598524
58 1 74.598524
59 1 149.197049
60 1 152.587891
62 1 3.390842
63 1 12.998228
66 1 3.390842
140 1 152.587891
141 1 74.598524
142 1 12.433087
146 1 33.908420
147 1 3.390842
148 1 397.858796
149 1 370.732060
164 1 370.732060
165 1 152.587891
166 1 74.598524
1 2 6099.277072
2 2 26501.125760
3 2 1692.030165
4 2 6951.791269
5 2 37.016692
6 2 51.427771
7 2 144.675926
12 2 1692.030165
13 2 6951.791269
14 2 51.427771
15 2 144.675926
16 2 350.952148
17 2 947.740343
18 2 350.952148
19 2 947.740343
30 2 6.781684
31 2 3.390842
41 2 28.257017
44 2 6.781684
57 2 323.260272
58 2 296.133536
59 2 149.197049
60 2 149.197049
61 2 24.866175
62 2 28.257017
63 2 1304.909035
99 2 63.295718
102 2 144.675926
104 2 1799.406829
105 2 7089.120370
106 2 63.295718
109 2 1799.406829
132 2 1085.069444
133 2 651.041667
138 2 651.041667
140 2 3.390842
148 2 74.598524
149 2 74.598524
164 2 74.598524
165 2 149.197049
166 2 296.133536
1 3 8517.795139
2 3 1692.030165
3 3 36462.430601
4 3 8730.005335
5 3 1614.464654
6 3 8517.795139
7 3 1692.030165
16 3 1054.834436
17 3 150.327329
27 3 6.781684
28 3 3.390842
30 3 11.867947
31 3 68.947121
32 3 24.866175
33 3 1.130281
34 3 0.565140
35 3 3.390842
36 3 68.947121
37 3 11.867947
38 3 6.781684
57 3 3.390842
58 3 33.908420
59 3 6.781684
60 3 71.207682
62 3 3.390842
63 3 1.977991
64 3 3.390842
65 3 33.908420
66 3 71.207682
68 3 6.781684
69 3 3.390842
70 3 1.977991
146 3 153.718171
147 3 18.084491
148 3 18.084491
149 3 153.718171
1 4 1715.342204
2 4 6951.791269
3 4 8730.005335
4 4 34925.107603
5 4 39.559823
6 4 1715.342204
7 4 6951.791269
16 4 885.009766
17 4 1720.287182
30 4 6.781684
31 4 3.390842
36 4 3.390842
37 4 6.781684
57 4 14.693649
58 4 119.809751
59 4 6.781684
60 4 67.816840
61 4 1.130281
62 4 14.693649
63 4 132.525409
64 4 14.693649
65 4 119.809751
66 4 67.816840
67 4 1.130281
68 4 6.781684
69 4 14.693649
70 4 132.525409
102 4 63.295718
105 4 1826.533565
106 4 1826.533565
109 4 8798.104745
132 4 108.506944
133 4 1085.069444
135 4 108.506944
146 4 33.908420
147 4 3.390842
148 4 3.390842
149 4 33.908420
1 5 6042.197899
2 5 37.016692
3 5 1614.464654
4 5 39.559823
5 5 24127.253780
6 5 6042.197899
7 5 37.016692
8 5 6734.494810
9 5 1689.628319
10 5 144.675926
11 5 51.427771
12 5 1689.628319
13 5 51.427771
14 5 6734.494810
15 5 144.675926
16 5 185.648600
18 5 345.865885
20 5 578.986274
22 5 578.986274
23 5 345.865885
27 5 149.197049
28 5 223.795573
30 5 5.086263
31 5 142.415365
32 5 187.626591
33 5 1.130281
34 5 273.527922
35 5 223.795573
36 5 142.415365
37 5 5.086263
38 5 149.197049
44 5 6.781684
45 5 10.172526
46 5 12.433087
50 5 12.433087
52 5 10.172526
56 5 6.781684
60 5 3.390842
66 5 3.390842
101 5 63.295718
108 5 1765.639694
130 5 511.169434
140 5 149.197049
141 5 223.795573
142 5 273.527922
143 5 273.527922
144 5 223.795573
145 5 149.197049
146 5 74.598524
147 5 74.598524
148 5 74.598524
149 5 74.598524
162 5 74.598524
163 5 3.390842
164 5 74.598524
165 5 3.390842
174 5 19.214771
266 5 259.964554
1 6 1643.004241
2 6 51.427771
3 6 8517.795139
4 6 1715.342204
5 6 6042.197899
6 6 32624.280011
7 6 6099.277072
8 6 1717.602765
9 6 8541.531033
10 6 63.295718
11 6 1719.156901
16 6 528.123644
17 6 61.035156
22 6 57.644314
23 6 581.529405
25 6 61.035156
27 6 6.781684
28 6 10.172526
30 6 5.086263
31 6 61.035156
32 6 65.556279
33 6 1.130281
34 6 12.433087
35 6 74.598524
36 6 150.327329
37 6 11.867947
38 6 149.197049
50 6 0.565140
52 6 3.390842
55 6 3.390842
56 6 12.433087
60 6 3.390842
64 6 3.390842
65 6 74.598524
66 6 152.587891
68 6 149.197049
69 6 74.598524
70 6 12.998228
143 6 12.433087
144 6 74.598524
145 6 152.587891
146 6 370.732060
147 6 397.858796
148 6 3.390842
149 6 33.908420
162 6 370.732060
163 6 152.587891
167 6 74.598524
1 7 51.427771
2 7 144.675926
3 7 1692.030165
4 7 6951.791269
5 7 37.016692
6 7 6099.277072
7 7 26501.125760
8 7 51.427771
9 7 1692.030165
10 7 144.675926
11 7 6951.791269
16 7 350.952148
17 7 947.740343
23 7 350.952148
25 7 947.740343
36 7 3.390842
37 7 6.781684
55 7 28.257017
56 7 6.781684
64 7 28.257017
65 7 296.133536
66 7 149.197049
67 7 24.866175
68 7 149.197049
69 7 323.260272
70 7 1304.909035
102 7 144.675926
103 7 63.295718
105 7 63.295718
106 7 7089.120370
107 7 1799.406829
109 7 1799.406829
133 7 651.041667
135 7 1085.069444
137 7 651.041667
145 7 3.390842
146 7 74.598524
147 7 74.598524
162 7 74.598524
163 7 149.197049
167 7 296.133536
5 8 6734.494810
6 8 1717.602765
7 8 51.427771
8 8 34898.969862
9 8 8763.348615
10 8 7089.120370
11 8 1822.718868
14 8 1793.614140
15 8 63.295718
20 8 60.187446
22 8 1639.754684
23 8 983.344184
24 8 180.844907
25 8 108.506944
34 8 12.433087
35 8 10.172526
38 8 6.781684
46 8 0.565140
50 8 12.433087
52 8 10.172526
56 8 6.781684
101 8 1826.533565
108 8 8787.649649
130 8 1040.140788
131 8 108.506944
142 8 12.433087
143 8 124.330874
144 8 101.725260
145 8 67.816840
147 8 3.390842
162 8 33.908420
163 8 3.390842
174 8 12.433087
266 8 110.767506
5 9 1689.628319
6 9 8541.531033
7 9 1692.030165
8 9 8763.348615
9 9 36539.996112
10 9 1799.406829
11 9 8764.055040
22 9 163.890697
23 9 1206.574617
24 9 18.084491
25 9 165.586118
34 9 0.565140
35 9 3.390842
38 9 6.781684
50 9 0.565140
52 9 3.390842
55 9 3.390842
56 9 12.433087
68 9 6.781684
69 9 3.390842
70 9 1.977991
143 9 5.651403
144 9 33.908420
145 9 71.207682
147 9 18.084491
162 9 153.718171
163 9 71.207682
167 9 33.908420
5 10 144.675926
6 10 63.295718
7 10 144.675926
8 10 7089.120370
9 10 1799.406829
10 10 27777.777778
11 10 7089.120370
14 10 63.295718
15 10 144.675926
22 10 1085.069444
23 10 651.041667
24 10 1808.449074
25 10 1085.069444
99 10 63.295718
100 10 1799.406829
101 10 7089.120370
102 10 144.675926
103 10 7089.120370
106 10 63.295718
107 10 1799.406829
108 10 1799.406829
130 10 651.041667
131 10 1085.069444
136 10 1085.069444
137 10 651.041667
168 10 651.041667
5 11 51.427771
6 11 1719.156901
7 11 6951.791269
8 11 1822.718868
9 11 8764.055040
10 11 7089.120370
11 11 34968.340838
22 11 108.506944
23 11 985.039605
24 11 180.844907
25 11 1764.368128
55 11 14.693649
56 11 6.781684
67 11 1.130281
68 11 6.781684
69 11 14.693649
70 11 132.525409
102 11 63.295718
103 11 1826.533565
106 11 1826.533565
107 11 8798.104745
135 11 108.506944
136 11 108.506944
137 11 1085.069444
145 11 3.390842
147 11 3.390842
162 11 33.908420
163 11 67.816840
167 11 119.809751
1 12 8541.531033
2 12 1692.030165
5 12 1689.628319
12 12 36539.996112
13 12 8764.055040
14 12 8763.348615
15 12 1799.406829
18 12 1206.574617
19 12 165.586118
20 12 163.890697
21 12 18.084491
27 12 6.781684
28 12 3.390842
34 12 0.565140
41 12 3.390842
44 12 12.433087
45 12 3.390842
46 12 0.565140
57 12 3.390842
59 12 6.781684
63 12 1.977991
140 12 71.207682
141 12 33.908420
142 12 5.651403
148 12 18.084491
164 12 153.718171
165 12 71.207682
166 12 33.908420
1 13 1719.156901
2 13 6951.791269
5 13 51.427771
12 13 8764.055040
13 13 34968.340838
14 13 1822.718868
15 13 7089.120370
18 13 985.039605
19 13 1764.368128
20 13 108.506944
21 13 180.844907
41 13 14.693649
44 13 6.781684
57 13 14.693649
59 13 6.781684
61 13 1.130281
63 13 132.525409
99 13 1826.533565
102 13 63.295718
104 13 8798.104745
105 13 1826.533565
132 13 108.506944
138 13 1085.069444
139 13 108.506944
140 13 3.390842
148 13 3.390842
164 13 33.908420
165 13 67.816840
166 13 119.809751
1 14 1717.602765
2 14 51.427771
5 14 6734.494810
8 14 1793.614140
10 14 63.295718
12 14 8763.348615
13 14 1822.718868
14 14 34898.969862
15 14 7089.120370
18 14 983.344184
19 14 108.506944
20 14 1639.754684
21 14 180.844907
22 14 60.187446
27 14 6.781684
28 14 10.172526
34 14 12.433087
44 14 6.781684
45 14 10.172526
46 14 12.433087
50 14 0.565140
101 14 1826.533565
108 14 8787.649649
130 14 1040.140788
131 14 108.506944
140 14 67.816840
141 14 101.725260
142 14 124.330874
143 14 12.433087
148 14 3.390842
164 14 33.908420
165 14 3.390842
174 14 12.433087
266 14 110.767506
1 15 63.295718
2 15 144.675926
5 15 144.675926
8 15 63.295718
10 15 144.675926
12 15 1799.406829
13 15 7089.120370
14 15 7089.120370
15 15 27777.777778
18 15 651.041667
19 15 1085.069444
20 15 1085.069444
21 15 1808.449074
99 15 7089.120370
100 15 1799.406829
101 15 7089.120370
102 15 144.675926
103 15 63.295718
104 15 1799.406829
105 15 63.295718
108 15 1799.406829
130 15 651.041667
131 15 1085.069444
138 15 651.041667
139 15 1085.069444
168 15 651.041667
1 16 528.123644
2 16 350.952148
3 16 1054.834436
4 16 885.009766
5 16 185.648600
6 16 528.123644
7 16 350.952148
16 16 2582.550049
17 16 658.459134
30 16 192.430284
31 16 122.070312
32 16 27.126736
33 16 33.131352
36 16 122.070312
37 16 192.430284
58 16 81.380208
60 16 135.633681
62 16 97.062853
63 16 11.444092
64 16 97.062853
65 16 81.380208
66 16 135.633681
70 16 11.444092
79 16 0.282570
84 16 1.695421
85 16 3.673412
97 16 3.673412
98 16 1.695421
110 16 29.952438
111 16 16.954210
116 16 0.141285
117 16 0.847711
126 16 0.847711
127 16 0.141285
146 16 81.380208
149 16 81.380208
264 16 8.477105
265 16 1.412851
1 17 61.035156
2 17 947.740343
3 17 150.327329
4 17 1720.287182
6 17 61.035156
7 17 947.740343
16 17 658.459134
17 17 3720.559732
30 17 16.530355
33 17 0.494498
37 17 16.530355
57 17 13.563368
58 17 135.633681
60 17 13.563368
61 17 15.823929
62 17 160.217285
63 17 573.347978
64 17 160.217285
65 17 135.633681
66 17 13.563368
67 17 15.823929
69 17 13.563368
70 17 573.347978
84 17 3.108272
85 17 0.847711
87 17 0.847711
90 17 0.141285
92 17 0.141285
94 17 0.847711
97 17 0.847711
98 17 3.108272
105 17 108.506944
106 17 108.506944
109 17 180.844907
110 17 8.477105
111 17 18.649631
116 17 17.943206
117 17 11.020237
118 17 5.086263
119 17 8.900960
120 17 0.847711
121 17 1.483493
122 17 0.847711
123 17 1.483493
124 17 5.086263
125 17 8.900960
126 17 11.020237
127 17 17.943206
132 17 214.678132
133 17 1067.685032
134 17 7.911965
135 17 214.678132
169 17 7.083019
170 17 72.609495
171 17 7.083019
264 17 35.603841
265 17 48.884639
538 17 0.360939
541 17 0.002208
542 17 0.007727
543 17 0.007727
546 17 0.002208
552 17 0.360939
565 17 1.554136
566 17 19.073486
567 17 9.268522
568 17 1.497843
569 17 1.497843
570 17 9.268522
571 17 19.073486
660 17 0.022076
661 17 0.022076
688 17 0.022076
690 17 0.022076
790 17 46.341508
791 17 0.167776
792 17 0.167776
1 18 581.529405
2 18 350.952148
5 18 345.865885
12 18 1206.574617
13 18 985.039605
14 18 983.344184
15 18 651.041667
18 18 3472.222222
19 18 882.749204
20 18 868.055556
21 18 217.013889
41 18 135.633681
42 18 81.380208
43 18 13.563368
44 18 226.056134
45 18 135.633681
46 18 22.605613
47 18 13.563368
48 18 2.260561
63 18 14.693649
140 18 135.633681
141 18 81.380208
142 18 13.563368
164 18 81.380208
165 18 135.633681
166 18 81.380208
1 19 61.035156
2 19 947.740343
12 19 165.586118
13 19 1764.368128
14 19 108.506944
15 19 1085.069444
18 19 882.749204
19 19 4166.002627
20 19 218.144170
21 19 870.987221
41 19 213.057907
42 19 95.226147
43 19 192.642212
44 19 22.605613
45 19 13.563368
46 19 2.260561
47 19 13.563368
48 19 16.565676
57 19 13.563368
61 19 16.106500
63 19 647.403576
92 19 0.141285
99 19 108.506944
104 19 180.844907
105 19 108.506944
122 19 0.847711
123 19 1.483493
132 19 224.201768
134 19 7.911965
138 19 1097.237622
139 19 224.396035
156 19 0.141285
165 19 13.563368
166 19 135.633681
169 19 7.523431
181 19 1.483493
182 19 0.847711
191 19 8.477105
192 19 14.834934
193 19 1.412851
195 19 7.523431
198 19 124.613444
517 19 0.211928
543 19 0.070643
569 19 1.554136
626 19 13.845938
627 19 1.554136
669 19 2.119276
709 19 2.119276
771 19 16.106500
1 20 57.644314
5 20 578.986274
8 20 60.187446
12 20 163.890697
13 20 108.506944
14 20 1639.754684
15 20 1085.069444
18 20 868.055556
19 20 218.144170
20 20 3472.222222
21 20 868.055556
22 20 18.084491
24 20 4.521123
41 20 13.563368
42 20 81.380208
43 20 13.563368
44 20 22.605613
45 20 135.633681
46 20 226.056134
47 20 135.633681
48 20 22.605613
63 20 1.130281
101 20 108.506944
108 20 164.738408
130 20 886.140046
131 20 221.535012
140 20 13.563368
141 20 81.380208
142 20 135.633681
172 20 81.380208
173 20 13.563368
174 20 135.633681
266 20 81.380208
12 21 18.084491
13 21 180.844907
14 21 180.844907
15 21 1808.449074
18 21 217.013889
19 21 870.987221
20 21 868.055556
21 21 3361.278110
22 21 4.521123
24 21 18.084491
41 21 13.563368
42 21 81.380208
43 21 118.785434
44 21 2.260561
45 21 13.563368
46 21 22.605613
47 21 135.633681
48 21 163.113629
63 21 14.693649
99 21 180.844907
100 21 18.084491
101 21 180.844907
104 21 18.084491
108 21 18.084491
130 21 221.535012
131 21 874.378063
132 21 7.911965
134 21 18.084491
136 21 7.911965
138 21 221.005193
139 21 849.158676
168 21 221.005193
172 21 81.380208
173 21 118.785434
174 21 13.563368
195 21 72.691176
196 21 64.531962
198 21 64.531962
281 21 4.662408
517 21 4.662408
669 21 4.662408
709 21 46.624078
710 21 41.537815
771 21 41.537815
5 22 578.986274
6 22 57.644314
8 22 1639.754684
9 22 163.890697
10 22 1085.069444
11 22 108.506944
14 22 60.187446
20 22 18.084491
21 22 4.521123
22 22 3472.222222
23 22 868.055556
24 22 868.055556
25 22 218.144170
49 22 135.633681
50 22 226.056134
51 22 81.380208
52 22 135.633681
53 22 22.605613
54 22 13.563368
55 22 13.563368
56 22 22.605613
70 22 1.130281
101 22 108.506944
108 22 164.738408
130 22 886.140046
131 22 221.535012
143 22 135.633681
144 22 81.380208
145 22 13.563368
172 22 81.380208
173 22 13.563368
174 22 135.633681
266 22 81.380208
5 23 345.865885
6 23 581.529405
7 23 350.952148
8 23 983.344184
9 23 1206.574617
10 23 651.041667
11 23 985.039605
22 23 868.055556
23 23 3472.222222
24 23 217.013889
25 23 882.749204
49 23 13.563368
50 23 22.605613
51 23 81.380208
52 23 135.633681
53 23 2.260561
54 23 13.563368
55 23 135.633681
56 23 226.056134
70 23 14.693649
143 23 13.563368
144 23 81.380208
145 23 135.633681
162 23 81.380208
163 23 135.633681
167 23 81.380208
8 24 180.844907
9 24 18.084491
10 24 1808.449074
11 24 180.844907
20 24 4.521123
21 24 18.084491
22 24 868.055556
23 24 217.013889
24 24 3361.278110
25 24 870.987221
49 24 135.633681
50 24 22.605613
51 24 81.380208
52 24 13.563368
53 24 163.113629
54 24 118.785434
55 24 13.563368
56 24 2.260561
70 24 14.693649
100 24 18.084491
101 24 180.844907
103 24 180.844907
107 24 18.084491
108 24 18.084491
130 24 221.535012
131 24 874.378063
134 24 18.084491
135 24 7.911965
136 24 849.158676
137 24 221.005193
139 24 7.911965
168 24 221.005193
172 24 81.380208
173 24 118.785434
174 24 13.563368
196 24 64.531962
197 24 72.691176
199 24 64.531962
284 24 4.662408
528 24 4.662408
668 24 4.662408
707 24 41.537815
708 24 46.624078
770 24 41.537815
6 25 61.035156
7 25 947.740343
8 25 108.506944
9 25 165.586118
10 25 1085.069444
11 25 1764.368128
22 25 218.144170
23 25 882.749204
24 25 870.987221
25 25 4166.002627
49 25 13.563368
50 25 2.260561
51 25 95.226147
52 25 13.563368
53 25 16.565676
54 25 192.642212
55 25 213.057907
56 25 22.605613
67 25 16.106500
69 25 13.563368
70 25 647.403576
90 25 0.141285
103 25 108.506944
106 25 108.506944
107 25 180.844907
120 25 0.847711
121 25 1.483493
134 25 7.911965
135 25 224.201768
136 25 224.396035
137 25 1097.237622
155 25 0.141285
163 25 13.563368
167 25 135.633681
171 25 7.523431
179 25 0.847711
180 25 1.483493
188 25 1.412851
189 25 8.477105
190 25 14.834934
197 25 7.523431
199 25 124.613444
528 25 0.211928
542 25 0.070643
568 25 1.554136
624 25 1.554136
625 25 13.845938
668 25 2.119276
708 25 2.119276
770 25 16.106500
26 26 547.055845
27 26 144.675926
28 26 36.168981
29 26 110.767506
30 26 136.763961
31 26 36.168981
32 26 9.042245
33 26 27.691876
41 26 28.539587
42 26 0.988996
44 26 137.470387
45 26 28.539587
57 26 36.168981
58 26 9.042245
59 26 144.675926
60 26 36.168981
61 26 110.767506
62 26 27.691876
71 26 2.825702
73 26 1.695421
79 26 0.282570
91 26 28.257017
92 26 2.825702
93 26 16.954210
94 26 1.695421
97 26 2.825702
98 26 0.282570
140 26 36.168981
141 26 9.042245
148 26 36.168981
149 26 9.042245
157 26 1.695421
164 26 9.042245
165 26 36.168981
166 26 9.042245
193 26 1.695421
237 26 16.954210
1 27 149.197049
3 27 6.781684
5 27 149.197049
6 27 6.781684
12 27 6.781684
14 27 6.781684
26 27 144.675926
27 27 578.703704
28 27 144.675926
29 27 36.168981
30 27 36.168981
31 27 144.675926
32 27 36.168981
33 27 9.042245
44 27 36.168981
45 27 9.042245
59 27 36.168981
60 27 9.042245
140 27 144.675926
141 27 36.168981
148 27 144.675926
149 27 36.168981
164 27 36.168981
165 27 9.042245
1 28 74.598524
3 28 3.390842
5 28 223.795573
6 28 10.172526
12 28 3.390842
14 28 10.172526
26 28 36.168981
27 28 144.675926
28 28 572.204590
29 28 137.470387
30 28 9.042245
31 28 36.168981
32 28 138.176812
33 28 28.963442
34 28 138.176812
35 28 29.669868
39 28 1.836706
44 28 9.042245
45 28 36.168981
46 28 9.042245
74 28 2.825702
76 28 28.963442
140 28 36.168981
141 28 144.675926
142 28 36.168981
272 28 21.475333
26 29 110.767506
27 29 36.168981
28 29 137.470387
29 29 410.291884
30 29 27.691876
31 29 9.042245
32 29 28.963442
33 29 84.771050
34 29 28.963442
35 29 1.836706
39 29 3.390842
41 29 0.988996
42 29 2.260561
44 29 28.115732
45 29 110.767506
46 29 27.691876
47 29 0.565140
61 29 2.260561
62 29 0.565140
71 29 27.974447
72 29 15.823929
73 29 15.823929
74 29 25.431315
75 29 5.651403
76 29 84.771050
77 29 2.543132
78 29 0.565140
79 29 2.543132
80 29 0.565140
91 29 16.954210
93 29 10.172526
97 29 1.695421
140 29 9.042245
141 29 36.168981
142 29 9.042245
157 29 16.954210
158 29 10.172526
160 29 1.695421
237 29 10.172526
272 29 16.954210
1 30 11.867947
2 30 6.781684
3 30 11.867947
4 30 6.781684
5 30 5.086263
6 30 5.086263
16 30 192.430284
17 30 16.530355
26 30 136.763961
27 30 36.168981
28 30 9.042245
29 30 27.691876
30 30 547.055845
31 30 144.675926
32 30 36.168981
33 30 110.767506
36 30 9.042245
37 30 28.539587
57 30 9.042245
58 30 36.168981
59 30 36.168981
60 30 144.675926
61 30 27.691876
62 30 110.767506
64 30 0.988996
71 30 0.282570
73 30 1.695421
79 30 2.825702
85 30 1.695421
91 30 2.825702
92 30 0.282570
93 30 16.954210
94 30 1.695421
97 30 28.257017
98 30 2.825702
110 30 16.954210
111 30 1.695421
148 30 9.042245
149 30 36.168981
1 31 150.327329
2 31 3.390842
3 31 68.947121
4 31 3.390842
5 31 142.415365
6 31 61.035156
16 31 122.070312
26 31 36.168981
27 31 144.675926
28 31 36.168981
29 31 9.042245
30 31 144.675926
31 31 578.703704
32 31 144.675926
33 31 36.168981
36 31 36.168981
37 31 9.042245
59 31 9.042245
60 31 36.168981
148 31 36.168981
149 31 144.675926
1 32 65.556279
3 32 24.866175
5 32 187.626591
6 32 65.556279
16 32 27.126736
26 32 9.042245
27 32 36.168981
28 32 138.176812
29 32 28.963442
30 32 36.168981
31 32 144.675926
32 32 572.204590
33 32 137.470387
34 32 29.669868
35 32 138.176812
36 32 144.675926
37 32 36.168981
38 32 36.168981
39 32 28.963442
40 32 9.042245
74 32 2.825702
76 32 1.836706
272 32 21.475333
1 33 1.130281
3 33 1.130281
5 33 1.130281
6 33 1.130281
16 33 33.131352
17 33 0.494498
26 33 27.691876
27 33 9.042245
28 33 28.963442
29 33 84.771050
30 33 110.767506
31 33 36.168981
32 33 137.470387
33 33 410.291884
34 33 1.836706
35 33 28.963442
36 33 36.168981
37 33 110.767506
38 33 9.042245
39 33 84.771050
40 33 27.691876
61 33 0.565140
62 33 2.260561
64 33 2.260561
67 33 0.565140
71 33 2.543132
72 33 0.565140
73 33 15.823929
74 33 25.431315
75 33 5.651403
76 33 3.390842
78 33 0.565140
79 33 27.974447
80 33 15.823929
81 33 2.543132
85 33 16.954210
86 33 10.172526
88 33 1.695421
91 33 1.695421
93 33 10.172526
97 33 16.954210
110 33 10.172526
272 33 16.954210
1 34 12.433087
3 34 0.565140
5 34 273.527922
6 34 12.433087
8 34 12.433087
9 34 0.565140
12 34 0.565140
14 34 12.433087
28 34 138.176812
29 34 28.963442
32 34 29.669868
33 34 1.836706
34 34 572.204590
35 34 138.176812
39 34 28.963442
45 34 9.042245
46 34 36.168981
50 34 36.168981
52 34 9.042245
74 34 2.825702
76 34 137.470387
108 34 0.565140
141 34 36.168981
142 34 144.675926
143 34 144.675926
144 34 36.168981
174 34 9.042245
266 34 36.168981
272 34 21.475333
1 35 10.172526
3 35 3.390842
5 35 223.795573
6 35 74.598524
8 35 10.172526
9 35 3.390842
28 35 29.669868
29 35 1.836706
32 35 138.176812
33 35 28.963442
34 35 138.176812
35 35 572.204590
36 35 36.168981
37 35 9.042245
38 35 144.675926
39 35 137.470387
40 35 36.168981
50 35 9.042245
52 35 36.168981
56 35 9.042245
74 35 2.825702
76 35 28.963442
143 35 36.168981
144 35 144.675926
145 35 36.168981
272 35 21.475333
1 36 61.035156
3 36 68.947121
4 36 3.390842
5 36 142.415365
6 36 150.327329
7 36 3.390842
16 36 122.070312
30 36 9.042245
31 36 36.168981
32 36 144.675926
33 36 36.168981
35 36 36.168981
36 36 578.703704
37 36 144.675926
38 36 144.675926
39 36 9.042245
40 36 36.168981
66 36 36.168981
68 36 9.042245
146 36 144.675926
147 36 36.168981
1 37 5.086263
3 37 11.867947
4 37 6.781684
5 37 5.086263
6 37 11.867947
7 37 6.781684
16 37 192.430284
17 37 16.530355
30 37 28.539587
31 37 9.042245
32 37 36.168981
33 37 110.767506
35 37 9.042245
36 37 144.675926
37 37 547.055845
38 37 36.168981
39 37 27.691876
40 37 136.763961
62 37 0.988996
64 37 110.767506
65 37 36.168981
66 37 144.675926
67 37 27.691876
68 37 36.168981
69 37 9.042245
79 37 2.825702
80 37 1.695421
81 37 0.282570
84 37 2.825702
85 37 28.257017
86 37 16.954210
87 37 1.695421
88 37 2.825702
90 37 0.282570
97 37 1.695421
110 37 16.954210
111 37 1.695421
146 37 36.168981
147 37 9.042245
1 38 6.781684
3 38 6.781684
5 38 149.197049
6 38 149.197049
8 38 6.781684
9 38 6.781684
32 38 36.168981
33 38 9.042245
35 38 144.675926
36 38 144.675926
37 38 36.168981
38 38 578.703704
39 38 36.168981
40 38 144.675926
52 38 9.042245
56 38 36.168981
66 38 9.042245
68 38 36.168981
144 38 36.168981
145 38 144.675926
146 38 36.168981
147 38 144.675926
162 38 36.168981
163 38 9.042245
28 39 1.836706
29 39 3.390842
32 39 28.963442
33 39 84.771050
34 39 28.963442
35 39 137.470387
36 39 9.042245
37 39 27.691876
38 39 36.168981
39 39 410.291884
40 39 110.767506
49 39 0.565140
50 39 27.691876
51 39 2.260561
52 39 110.767506
55 39 0.988996
56 39 28.115732
64 39 0.565140
67 39 2.260561
72 39 0.565140
73 39 0.565140
74 39 25.431315
75 39 5.651403
76 39 84.771050
77 39 2.543132
78 39 15.823929
79 39 2.543132
80 39 15.823929
81 39 27.974447
85 39 1.695421
86 39 10.172526
88 39 16.954210
143 39 9.042245
144 39 36.168981
145 39 9.042245
150 39 1.695421
151 39 10.172526
154 39 16.954210
238 39 10.172526
272 39 16.954210
32 40 9.042245
33 40 27.691876
35 40 36.168981
36 40 36.168981
37 40 136.763961
38 40 144.675926
39 40 110.767506
40 40 547.055845
51 40 0.988996
52 40 28.539587
55 40 28.539587
56 40 137.470387
64 40 27.691876
65 40 9.042245
66 40 36.168981
67 40 110.767506
68 40 144.675926
69 40 36.168981
79 40 0.282570
80 40 1.695421
81 40 2.825702
84 40 0.282570
85 40 2.825702
86 40 16.954210
87 40 1.695421
88 40 28.257017
90 40 2.825702
144 40 9.042245
145 40 36.168981
146 40 9.042245
147 40 36.168981
154 40 1.695421
162 40 9.042245
163 40 36.168981
167 40 9.042245
188 40 1.695421
238 40 16.954210
1 41 3.390842
2 41 28.257017
12 41 3.390842
13 41 14.693649
18 41 135.633681
19 41 213.057907
20 41 13.563368
21 41 13.563368
26 41 28.539587
29 41 0.988996
41 41 547.055845
42 41 110.767506
43 41 27.691876
44 41 137.470387
45 41 28.539587
57 41 36.168981
59 41 9.042245
61 41 110.767506
63 41 109.637225
91 41 1.695421
92 41 2.825702
122 41 1.695421
123 41 0.282570
156 41 2.825702
157 41 1.695421
165 41 36.168981
166 41 144.675926
181 41 0.282570
182 41 1.695421
191 41 16.954210
192 41 2.825702
193 41 28.257017
237 41 16.954210
18 42 81.380208
19 42 95.226147
20 42 81.380208
21 42 81.380208
26 42 0.988996
29 42 2.260561
41 42 110.767506
42 42 433.570809
43 42 108.354621
44 42 28.115732
45 42 110.767506
46 42 27.691876
47 42 107.136038
48 42 26.669767
61 42 2.260561
63 42 14.411079
76 42 0.565140
156 42 28.257017
157 42 16.954210
158 42 10.172526
159 42 16.278691
160 42 1.695421
161 42 2.150182
181 42 2.825702
182 42 16.954210
183 42 9.497007
184 42 1.695421
185 42 1.019902
186 42 0.282570
191 42 10.172526
192 42 1.695421
193 42 16.954210
237 42 10.172526
321 42 0.264910
558 42 2.013312
18 43 13.563368
19 43 192.642212
20 43 13.563368
21 43 118.785434
41 43 27.691876
42 43 108.354621
43 43 405.172507
47 43 26.669767
48 43 80.751048
61 43 0.565140
63 43 65.167745
132 43 7.523431
138 43 18.790916
139 43 7.947286
156 43 2.825702
159 43 1.470248
161 43 0.057397
169 43 1.457002
181 43 26.120080
182 43 16.954210
183 43 9.947353
184 43 12.194669
185 43 1.470248
186 43 2.013312
191 43 10.172526
192 43 16.954210
193 43 1.695421
195 43 1.457002
198 43 83.861528
321 43 0.088303
354 43 0.017661
370 43 0.211928
371 43 0.105964
416 43 0.061812
517 43 2.013312
518 43 0.017661
519 43 0.176606
558 43 0.671104
626 43 10.172526
627 43 12.194669
640 43 0.565140
641 43 0.211928
655 43 0.105964
669 43 20.186106
670 43 0.388534
671 43 2.225240
672 43 1.059638
673 43 0.105964
684 43 0.105964
709 43 1.695421
752 43 4.803693
753 43 2.225240
771 43 16.954210
787 43 1.059638
1 44 12.433087
2 44 6.781684
5 44 6.781684
12 44 12.433087
13 44 6.781684
14 44 6.781684
18 44 226.056134
19 44 22.605613
20 44 22.605613
21 44 2.260561
26 44 137.470387
27 44 36.168981
28 44 9.042245
29 44 28.115732
41 44 137.470387
42 44 28.115732
44 44 572.204590
45 44 137.470387
57 44 9.042245
59 44 36.168981
61 44 28.115732
71 44 0.282570
91 44 2.825702
92 44 0.282570
140 44 144.675926
141 44 36.168981
148 44 9.042245
156 44 0.282570
157 44 2.825702
164 44 36.168981
165 44 144.675926
166 44 36.168981
193 44 2.825702
237 44 21.475333
1 45 3.390842
5 45 10.172526
12 45 3.390842
14 45 10.172526
18 45 135.633681
19 45 13.563368
20 45 135.633681
21 45 13.563368
26 45 28.539587
27 45 9.042245
28 45 36.168981
29 45 110.767506
34 45 9.042245
41 45 28.539587
42 45 110.767506
44 45 137.470387
45 45 547.055845
46 45 136.763961
47 45 27.691876
61 45 0.988996
71 45 2.825702
72 45 1.695421
76 45 27.691876
77 45 0.282570
91 45 1.695421
140 45 36.168981
141 45 144.675926
142 45 36.168981
156 45 2.825702
157 45 28.257017
158 45 16.954210
159 45 1.695421
160 45 2.825702
161 45 0.282570
193 45 1.695421
237 45 16.954210
1 46 0.565140
5 46 12.433087
8 46 0.565140
12 46 0.565140
14 46 12.433087
18 46 22.605613
19 46 2.260561
20 46 226.056134
21 46 22.605613
28 46 9.042245
29 46 27.691876
34 46 36.168981
42 46 27.691876
45 46 136.763961
46 46 547.055845
47 46 110.767506
49 46 0.988996
50 46 28.539587
71 46 0.282570
72 46 1.695421
76 46 110.767506
77 46 2.825702
108 46 0.565140
130 46 22.605613
131 46 2.260561
141 46 36.168981
142 46 144.675926
143 46 9.042245
150 46 1.695421
156 46 0.282570
157 46 2.825702
158 46 16.954210
159 46 1.695421
160 46 28.257017
161 46 2.825702
172 46 28.539587
174 46 137.470387
266 46 36.168981
287 46 1.695421
327 46 16.954210
18 47 13.563368
19 47 13.563368
20 47 135.633681
21 47 135.633681
29 47 0.565140
42 47 107.136038
43 47 26.669767
45 47 27.691876
46 47 110.767506
47 47 429.915057
48 47 107.136038
49 47 2.260561
50 47 0.988996
53 47 0.565140
76 47 2.260561
130 47 13.563368
131 47 13.563368
156 47 2.825702
157 47 1.695421
158 47 10.172526
159 47 14.927652
160 47 16.954210
161 47 26.230459
172 47 110.767506
173 47 27.691876
174 47 28.115732
181 47 0.282570
182 47 1.695421
183 47 8.145968
184 47 1.695421
185 47 14.927652
186 47 2.825702
285 47 10.172526
286 47 1.695421
287 47 16.954210
321 47 0.794729
327 47 10.172526
558 47 6.039937
18 48 2.260561
19 48 16.565676
20 48 22.605613
21 48 163.113629
42 48 26.669767
43 48 80.751048
47 48 107.136038
48 48 317.151900
49 48 0.565140
53 48 1.457002
130 48 2.260561
131 48 16.565676
138 48 0.247249
139 48 1.624778
156 48 0.282570
159 48 1.019902
161 48 2.150182
168 48 0.247249
172 48 27.691876
173 48 82.373619
181 48 2.066294
182 48 1.695421
183 48 9.497007
184 48 12.079875
185 48 16.278691
186 48 20.133124
196 48 1.470248
198 48 1.457002
281 48 12.212329
283 48 0.132455
284 48 0.088303
285 48 10.172526
286 48 12.079875
287 48 1.695421
321 48 0.264910
354 48 0.388534
355 48 0.317891
359 48 0.211928
370 48 0.211928
371 48 0.317891
517 48 20.133124
518 48 0.388534
519 48 3.885340
520 48 3.178914
521 48 0.317891
522 48 2.119276
523 48 0.105964
558 48 2.013312
627 48 0.061812
640 48 0.105964
669 48 12.079875
670 48 0.211928
671 48 2.119276
672 48 3.178914
673 48 0.317891
709 48 16.954210
710 48 10.172526
752 48 1.059638
753 48 0.105964
767 48 1.059638
771 48 10.172526
22 49 135.633681
23 49 13.563368
24 49 135.633681
25 49 13.563368
39 49 0.565140
46 49 0.988996
47 49 2.260561
48 49 0.565140
49 49 429.915057
50 49 110.767506
51 49 107.136038
52 49 27.691876
53 49 107.136038
54 49 26.669767
76 49 2.260561
130 49 13.563368
131 49 13.563368
150 49 16.954210
151 49 10.172526
152 49 26.230459
153 49 14.927652
154 49 1.695421
155 49 2.825702
172 49 110.767506
173 49 27.691876
174 49 28.115732
175 49 2.825702
176 49 14.927652
177 49 1.695421
178 49 8.145968
179 49 1.695421
180 49 0.282570
285 49 10.172526
286 49 1.695421
287 49 16.954210
319 49 0.794729
327 49 10.172526
557 49 6.039937
5 50 12.433087
6 50 0.565140
8 50 12.433087
9 50 0.565140
14 50 0.565140
22 50 226.056134
23 50 22.605613
24 50 22.605613
25 50 2.260561
34 50 36.168981
35 50 9.042245
39 50 27.691876
46 50 28.539587
47 50 0.988996
49 50 110.767506
50 50 547.055845
51 50 27.691876
52 50 136.763961
76 50 110.767506
77 50 2.825702
78 50 1.695421
81 50 0.282570
108 50 0.565140
130 50 22.605613
131 50 2.260561
142 50 9.042245
143 50 144.675926
144 50 36.168981
150 50 28.257017
151 50 16.954210
152 50 2.825702
153 50 1.695421
154 50 2.825702
155 50 0.282570
160 50 1.695421
172 50 28.539587
174 50 137.470387
266 50 36.168981
287 50 1.695421
327 50 16.954210
22 51 81.380208
23 51 81.380208
24 51 81.380208
25 51 95.226147
39 51 2.260561
40 51 0.988996
49 51 107.136038
50 51 27.691876
51 51 433.570809
52 51 110.767506
53 51 26.669767
54 51 108.354621
55 51 110.767506
56 51 28.115732
67 51 2.260561
70 51 14.411079
76 51 0.565140
150 51 1.695421
151 51 10.172526
152 51 2.150182
153 51 16.278691
154 51 16.954210
155 51 28.257017
175 51 0.282570
176 51 1.019902
177 51 1.695421
178 51 9.497007
179 51 16.954210
180 51 2.825702
188 51 16.954210
189 51 10.172526
190 51 1.695421
238 51 10.172526
319 51 0.264910
557 51 2.013312
5 52 10.172526
6 52 3.390842
8 52 10.172526
9 52 3.390842
22 52 135.633681
23 52 135.633681
24 52 13.563368
25 52 13.563368
34 52 9.042245
35 52 36.168981
38 52 9.042245
39 52 110.767506
40 52 28.539587
49 52 27.691876
50 52 136.763961
51 52 110.767506
52 52 547.055845
55 52 28.539587
56 52 137.470387
67 52 0.988996
76 52 27.691876
77 52 0.282570
78 52 1.695421
81 52 2.825702
88 52 1.695421
143 52 36.168981
144 52 144.675926
145 52 36.168981
150 52 2.825702
151 52 16.954210
152 52 0.282570
153 52 1.695421
154 52 28.257017
155 52 2.825702
188 52 1.695421
238 52 16.954210
22 53 22.605613
23 53 2.260561
24 53 163.113629
25 53 16.565676
47 53 0.565140
48 53 1.457002
49 53 107.136038
51 53 26.669767
53 53 317.151900
54 53 80.751048
130 53 2.260561
131 53 16.565676
136 53 1.624778
137 53 0.247249
152 53 2.150182
153 53 1.019902
155 53 0.282570
168 53 0.247249
172 53 27.691876
173 53 82.373619
175 53 20.133124
176 53 16.278691
177 53 12.079875
178 53 9.497007
179 53 1.695421
180 53 2.066294
196 53 1.470248
199 53 1.457002
281 53 0.088303
283 53 0.132455
284 53 12.212329
285 53 10.172526
286 53 12.079875
287 53 1.695421
319 53 0.264910
359 53 0.211928
360 53 0.317891
365 53 0.388534
377 53 0.317891
381 53 0.211928
522 53 0.105964
523 53 2.119276
524 53 3.178914
525 53 0.317891
526 53 3.885340
527 53 0.388534
528 53 20.133124
557 53 2.013312
624 53 0.061812
638 53 0.105964
664 53 3.178914
665 53 0.317891
666 53 2.119276
667 53 0.211928
668 53 12.079875
707 53 10.172526
708 53 16.954210
750 53 1.059638
751 53 0.105964
767 53 1.059638
770 53 10.172526
22 54 13.563368
23 54 13.563368
24 54 118.785434
25 54 192.642212
49 54 26.669767
51 54 108.354621
53 54 80.751048
54 54 405.172507
55 54 27.691876
67 54 0.565140
70 54 65.167745
135 54 7.523431
136 54 7.947286
137 54 18.790916
152 54 0.057397
153 54 1.470248
155 54 2.825702
171 54 1.457002
175 54 2.013312
176 54 1.470248
177 54 12.194669
178 54 9.947353
179 54 16.954210
180 54 26.120080
188 54 1.695421
189 54 10.172526
190 54 16.954210
197 54 1.457002
199 54 83.861528
319 54 0.088303
365 54 0.017661
377 54 0.105964
381 54 0.211928
439 54 0.061812
526 54 0.176606
527 54 0.017661
528 54 2.013312
557 54 0.671104
624 54 12.194669
625 54 10.172526
638 54 0.565140
639 54 0.211928
654 54 0.105964
664 54 1.059638
665 54 0.105964
666 54 2.225240
667 54 0.388534
668 54 20.186106
683 54 0.105964
708 54 1.695421
750 54 4.803693
751 54 2.225240
770 54 16.954210
786 54 1.059638
6 55 3.390842
7 55 28.257017
9 55 3.390842
11 55 14.693649
22 55 13.563368
23 55 135.633681
24 55 13.563368
25 55 213.057907
39 55 0.988996
40 55 28.539587
51 55 110.767506
52 55 28.539587
54 55 27.691876
55 55 547.055845
56 55 137.470387
67 55 110.767506
68 55 9.042245
69 55 36.168981
70 55 109.637225
88 55 1.695421
90 55 2.825702
120 55 1.695421
121 55 0.282570
154 55 1.695421
155 55 2.825702
163 55 36.168981
167 55 144.675926
179 55 1.695421
180 55 0.282570
188 55 28.257017
189 55 16.954210
190 55 2.825702
238 55 16.954210
5 56 6.781684
6 56 12.433087
7 56 6.781684
8 56 6.781684
9 56 12.433087
11 56 6.781684
22 56 22.605613
23 56 226.056134
24 56 2.260561
25 56 22.605613
35 56 9.042245
38 56 36.168981
39 56 28.115732
40 56 137.470387
51 56 28.115732
52 56 137.470387
55 56 137.470387
56 56 572.204590
67 56 28.115732
68 56 36.168981
69 56 9.042245
81 56 0.282570
88 56 2.825702
90 56 0.282570
144 56 36.168981
145 56 144.675926
147 56 9.042245
154 56 2.825702
155 56 0.282570
162 56 36.168981
163 56 144.675926
167 56 36.168981
188 56 2.825702
238 56 21.475333
1 57 74.598524
2 57 323.260272
3 57 3.390842
4 57 14.693649
12 57 3.390842
13 57 14.693649
17 57 13.563368
19 57 13.563368
26 57 36.168981
30 57 9.042245
41 57 36.168981
44 57 9.042245
57 57 578.703704
58 57 144.675926
59 57 144.675926
60 57 36.168981
61 57 144.675926
62 57 36.168981
63 57 135.633681
165 57 36.168981
166 57 144.675926
1 58 74.598524
2 58 296.133536
3 58 33.908420
4 58 119.809751
16 58 81.380208
17 58 135.633681
26 58 9.042245
30 58 36.168981
57 58 144.675926
58 58 578.703704
59 58 36.168981
60 58 144.675926
61 58 36.168981
62 58 144.675926
63 58 81.380208
1 59 149.197049
2 59 149.197049
3 59 6.781684
4 59 6.781684
12 59 6.781684
13 59 6.781684
26 59 144.675926
27 59 36.168981
30 59 36.168981
31 59 9.042245
41 59 9.042245
44 59 36.168981
57 59 144.675926
58 59 36.168981
59 59 578.703704
60 59 144.675926
61 59 36.168981
62 59 9.042245
140 59 9.042245
148 59 144.675926
149 59 36.168981
164 59 36.168981
165 59 144.675926
166 59 36.168981
1 60 152.587891
2 60 149.197049
3 60 71.207682
4 60 67.816840
5 60 3.390842
6 60 3.390842
16 60 135.633681
17 60 13.563368
26 60 36.168981
27 60 9.042245
30 60 144.675926
31 60 36.168981
57 60 36.168981
58 60 144.675926
59 60 144.675926
60 60 578.703704
61 60 9.042245
62 60 36.168981
148 60 36.168981
149 60 144.675926
2 61 24.866175
4 61 1.130281
13 61 1.130281
17 61 15.823929
19 61 16.106500
26 61 110.767506
29 61 2.260561
30 61 27.691876
33 61 0.565140
41 61 110.767506
42 61 2.260561
43 61 0.565140
44 61 28.115732
45 61 0.988996
57 61 144.675926
58 61 36.168981
59 61 36.168981
60 61 9.042245
61 61 434.027778
62 61 108.506944
63 61 158.521864
91 61 16.954210
92 61 28.257017
93 61 10.172526
94 61 16.954210
97 61 1.695421
98 61 2.825702
122 61 16.954210
123 61 2.825702
124 61 10.172526
125 61 1.695421
126 61 1.695421
127 61 0.282570
165 61 9.042245
166 61 36.168981
191 61 10.172526
192 61 1.695421
193 61 16.954210
237 61 10.172526
1 62 3.390842
2 62 28.257017
3 62 3.390842
4 62 14.693649
16 62 97.062853
17 62 160.217285
26 62 27.691876
29 62 0.565140
30 62 110.767506
33 62 2.260561
37 62 0.988996
57 62 36.168981
58 62 144.675926
59 62 9.042245
60 62 36.168981
61 62 108.506944
62 62 434.027778
63 62 94.943576
64 62 2.260561
70 62 0.282570
91 62 1.695421
92 62 2.825702
93 62 10.172526
94 62 16.954210
97 62 16.954210
98 62 28.257017
110 62 10.172526
111 62 16.954210
122 62 1.695421
123 62 0.282570
124 62 10.172526
125 62 1.695421
126 62 16.954210
127 62 2.825702
264 62 10.172526
265 62 1.695421
1 63 12.998228
2 63 1304.909035
3 63 1.977991
4 63 132.525409
12 63 1.977991
13 63 132.525409
16 63 11.444092
17 63 573.347978
18 63 14.693649
19 63 647.403576
20 63 1.130281
21 63 14.693649
41 63 109.637225
42 63 14.411079
43 63 65.167745
57 63 135.633681
58 63 81.380208
61 63 158.521864
62 63 94.943576
63 63 2270.596033
64 63 0.282570
70 63 2.596113
92 63 3.108272
94 63 2.543132
98 63 1.695421
104 63 18.084491
105 63 180.844907
109 63 18.084491
111 63 0.847711
122 63 18.649631
123 63 32.636854
124 63 15.258789
125 63 26.702881
126 63 10.172526
127 63 17.801921
132 63 841.656355
133 63 211.181326
134 63 18.084491
135 63 6.428471
138 63 220.704962
139 63 7.911965
156 63 0.141285
166 63 81.380208
169 63 71.515640
170 63 42.947354
181 63 1.483493
182 63 0.847711
191 63 18.649631
192 63 32.636854
193 63 3.108272
198 63 63.896179
264 63 5.086263
265 63 8.900960
543 63 1.113724
546 63 0.015453
552 63 0.831154
565 63 0.847711
566 63 0.423855
569 63 33.796937
570 63 27.580394
571 63 18.649631
626 63 32.495569
627 63 2.401846
661 63 0.154531
690 63 0.154531
790 63 9.324816
792 63 1.174432
3 64 3.390842
4 64 14.693649
6 64 3.390842
7 64 28.257017
16 64 97.062853
17 64 160.217285
30 64 0.988996
33 64 2.260561
37 64 110.767506
39 64 0.565140
40 64 27.691876
62 64 2.260561
63 64 0.282570
64 64 434.027778
65 64 144.675926
66 64 36.168981
67 64 108.506944
68 64 9.042245
69 64 36.168981
70 64 94.943576
84 64 28.257017
85 64 16.954210
86 64 10.172526
87 64 16.954210
88 64 1.695421
90 64 2.825702
110 64 10.172526
111 64 16.954210
116 64 2.825702
117 64 16.954210
118 64 10.172526
119 64 1.695421
120 64 1.695421
121 64 0.282570
264 64 10.172526
265 64 1.695421
3 65 33.908420
4 65 119.809751
6 65 74.598524
7 65 296.133536
16 65 81.380208
17 65 135.633681
37 65 36.168981
40 65 9.042245
64 65 144.675926
65 65 578.703704
66 65 144.675926
67 65 36.168981
68 65 36.168981
69 65 144.675926
70 65 81.380208
1 66 3.390842
3 66 71.207682
4 66 67.816840
5 66 3.390842
6 66 152.587891
7 66 149.197049
16 66 135.633681
17 66 13.563368
36 66 36.168981
37 66 144.675926
38 66 9.042245
40 66 36.168981
64 66 36.168981
65 66 144.675926
66 66 578.703704
67 66 9.042245
68 66 144.675926
69 66 36.168981
146 66 144.675926
147 66 36.168981
4 67 1.130281
7 67 24.866175
11 67 1.130281
17 67 15.823929
25 67 16.106500
33 67 0.565140
37 67 27.691876
39 67 2.260561
40 67 110.767506
51 67 2.260561
52 67 0.988996
54 67 0.565140
55 67 110.767506
56 67 28.115732
64 67 108.506944
65 67 36.168981
66 67 9.042245
67 67 434.027778
68 67 36.168981
69 67 144.675926
70 67 158.521864
84 67 2.825702
85 67 1.695421
86 67 10.172526
87 67 16.954210
88 67 16.954210
90 67 28.257017
116 67 0.282570
117 67 1.695421
118 67 10.172526
119 67 1.695421
120 67 16.954210
121 67 2.825702
163 67 9.042245
167 67 36.168981
188 67 16.954210
189 67 10.172526
190 67 1.695421
238 67 10.172526
3 68 6.781684
4 68 6.781684
6 68 149.197049
7 68 149.197049
9 68 6.781684
11 68 6.781684
36 68 9.042245
37 68 36.168981
38 68 36.168981
40 68 144.675926
55 68 9.042245
56 68 36.168981
64 68 9.042245
65 68 36.168981
66 68 144.675926
67 68 36.168981
68 68 578.703704
69 68 144.675926
145 68 9.042245
146 68 36.168981
147 68 144.675926
162 68 36.168981
163 68 144.675926
167 68 36.168981
3 69 3.390842
4 69 14.693649
6 69 74.598524
7 69 323.260272
9 69 3.390842
11 69 14.693649
17 69 13.563368
25 69 13.563368
37 69 9.042245
40 69 36.168981
55 69 36.168981
56 69 9.042245
64 69 36.168981
65 69 144.675926
66 69 36.168981
67 69 144.675926
68 69 144.675926
69 69 578.703704
70 69 135.633681
163 69 36.168981
