29 29 341
1 1 115529.378255
2 1 5940.755208
3 1 4387.749566
4 1 4387.749566
5 1 4136.827257
6 1 1844.618056
7 1 976.562500
8 1 7052.951389
9 1 1844.618056
10 1 976.562500
11 1 7052.951389
12 1 2739.800347
13 1 2739.800347
14 1 2224.392361
15 1 1736.111111
16 1 2604.166667
17 1 10959.201389
18 1 7812.500000
19 1 7812.500000
20 1 10959.201389
21 1 578.703704
22 1 271.267361
23 1 1627.604167
24 1 271.267361
25 1 1627.604167
28 1 5208.333333
29 1 5208.333333
1 2 5940.755208
2 2 33438.223380
3 2 7206.669560
4 2 7206.669560
5 2 1808.449074
6 2 8752.893519
7 2 1808.449074
8 2 72.337963
9 2 8752.893519
10 2 1808.449074
11 2 72.337963
12 2 1736.111111
13 2 1736.111111
14 2 795.717593
16 2 578.703704
17 2 1808.449074
20 2 1808.449074
21 2 2314.814815
22 2 180.844907
23 2 1085.069444
24 2 180.844907
25 2 1085.069444
1 3 4387.749566
2 3 7206.669560
3 3 35011.574074
4 3 1826.533565
5 3 8798.104745
9 3 1808.449074
10 3 8752.893519
11 3 1808.449074
12 3 1808.449074
13 3 108.506944
14 3 1085.069444
17 3 72.337963
24 3 180.844907
25 3 1085.069444
1 4 4387.749566
2 4 7206.669560
3 4 1826.533565
4 4 35011.574074
5 4 8798.104745
6 4 1808.449074
7 4 8752.893519
8 4 1808.449074
12 4 108.506944
13 4 1808.449074
14 4 1085.069444
20 4 72.337963
22 4 180.844907
23 4 1085.069444
1 5 4136.827257
2 5 1808.449074
3 5 8798.104745
4 5 8798.104745
5 5 36621.093750
12 5 180.844907
13 5 180.844907
14 5 1374.421296
1 6 1844.618056
2 6 8752.893519
4 6 1808.449074
6 6 35011.574074
7 6 7233.796296
8 6 289.351852
9 6 2314.814815
13 6 180.844907
16 6 2314.814815
17 6 578.703704
20 6 7233.796296
21 6 9259.259259
22 6 1808.449074
23 6 1085.069444
27 6 1085.069444
1 7 976.562500
2 7 1808.449074
4 7 8752.893519
6 7 7233.796296
7 7 35011.574074
8 7 7233.796296
13 7 180.844907
20 7 289.351852
22 7 1808.449074
23 7 1085.069444
27 7 1085.069444
1 8 7052.951389
2 8 72.337963
4 8 1808.449074
6 8 289.351852
7 8 7233.796296
8 8 35011.574074
13 8 180.844907
19 8 2314.814815
20 8 7233.796296
22 8 1808.449074
23 8 1085.069444
27 8 1085.069444
28 8 9259.259259
1 9 1844.618056
2 9 8752.893519
3 9 1808.449074
6 9 2314.814815
9 9 35011.574074
10 9 7233.796296
11 9 289.351852
12 9 180.844907
16 9 2314.814815
17 9 7233.796296
20 9 578.703704
21 9 9259.259259
24 9 1808.449074
25 9 1085.069444
26 9 1085.069444
1 10 976.562500
2 10 1808.449074
3 10 8752.893519
9 10 7233.796296
10 10 35011.574074
11 10 7233.796296
12 10 180.844907
17 10 289.351852
24 10 1808.449074
25 10 1085.069444
26 10 1085.069444
1 11 7052.951389
2 11 72.337963
3 11 1808.449074
9 11 289.351852
10 11 7233.796296
11 11 35011.574074
12 11 180.844907
17 11 7233.796296
18 11 2314.814815
24 11 1808.449074
25 11 1085.069444
26 11 1085.069444
29 11 9259.259259
1 12 2739.800347
2 12 1736.111111
3 12 1808.449074
4 12 108.506944
5 12 180.844907
9 12 180.844907
10 12 180.844907
11 12 180.844907
12 12 4629.629630
13 12 289.351852
14 12 1157.407407
17 12 180.844907
25 12 1157.407407
1 13 2739.800347
2 13 1736.111111
3 13 108.506944
4 13 1808.449074
5 13 180.844907
6 13 180.844907
7 13 180.844907
8 13 180.844907
12 13 289.351852
13 13 4629.629630
14 13 1157.407407
20 13 180.844907
23 13 1157.407407
1 14 2224.392361
2 14 795.717593
3 14 1085.069444
4 14 1085.069444
5 14 1374.421296
12 14 1157.407407
13 14 1157.407407
14 14 4629.629630
1 15 1736.111111
15 15 37037.037037
16 15 9259.259259
17 15 2314.814815
18 15 9259.259259
19 15 9259.259259
20 15 2314.814815
1 16 2604.166667
2 16 578.703704
6 16 2314.814815
9 16 2314.814815
15 16 9259.259259
16 16 37037.037037
17 16 9259.259259
18 16 2314.814815
19 16 2314.814815
20 16 9259.259259
21 16 9259.259259
1 17 10959.201389
2 17 1808.449074
3 17 72.337963
6 17 578.703704
9 17 7233.796296
10 17 289.351852
11 17 7233.796296
12 17 180.844907
15 17 2314.814815
16 17 9259.259259
17 17 35011.574074
18 17 9259.259259
19 17 578.703704
20 17 2314.814815
21 17 2314.814815
24 17 1808.449074
25 17 1085.069444
26 17 1085.069444
29 17 2314.814815
1 18 7812.500000
11 18 2314.814815
15 18 9259.259259
16 18 2314.814815
17 18 9259.259259
18 18 37037.037037
19 18 2314.814815
20 18 578.703704
29 18 9259.259259
1 19 7812.500000
8 19 2314.814815
15 19 9259.259259
16 19 2314.814815
17 19 578.703704
18 19 2314.814815
19 19 37037.037037
20 19 9259.259259
28 19 9259.259259
1 20 10959.201389
2 20 1808.449074
4 20 72.337963
6 20 7233.796296
7 20 289.351852
8 20 7233.796296
9 20 578.703704
13 20 180.844907
15 20 2314.814815
16 20 9259.259259
17 20 2314.814815
18 20 578.703704
19 20 9259.259259
20 20 35011.574074
21 20 2314.814815
22 20 1808.449074
23 20 1085.069444
27 20 1085.069444
28 20 2314.814815
1 21 578.703704
2 21 2314.814815
6 21 9259.259259
9 21 9259.259259
16 21 9259.259259
17 21 2314.814815
20 21 2314.814815
21 21 37037.037037
1 22 271.267361
2 22 180.844907
4 22 180.844907
6 22 1808.449074
7 22 1808.449074
8 22 1808.449074
20 22 1808.449074
22 22 4629.629630
23 22 1157.407407
27 22 1157.407407
1 23 1627.604167
2 23 1085.069444
4 23 1085.069444
6 23 1085.069444
7 23 1085.069444
8 23 1085.069444
13 23 1157.407407
20 23 1085.069444
22 23 1157.407407
23 23 4629.629630
1 24 271.267361
2 24 180.844907
3 24 180.844907
9 24 1808.449074
10 24 1808.449074
11 24 1808.449074
17 24 1808.449074
24 24 4629.629630
25 24 1157.407407
26 24 1157.407407
1 25 1627.604167
2 25 1085.069444
3 25 1085.069444
9 25 1085.069444
10 25 1085.069444
11 25 1085.069444
12 25 1157.407407
17 25 1085.069444
24 25 1157.407407
25 25 4629.629630
9 26 1085.069444
10 26 1085.069444
11 26 1085.069444
17 26 1085.069444
24 26 1157.407407
26 26 4629.629630
6 27 1085.069444
7 27 1085.069444
8 27 1085.069444
20 27 1085.069444
22 27 1157.407407
27 27 4629.629630
1 28 5208.333333
8 28 9259.259259
19 28 9259.259259
20 28 2314.814815
28 28 37037.037037
1 29 5208.333333
11 29 9259.259259
17 29 2314.814815
18 29 9259.259259
29 29 37037.037037
